246 205
7644 21579 29577 19554 25487 10382 10988 7413 21470 24259 27434 19173 14418 14299 22718 29391 23778 10887 16361 24320 5490 25256 26197 8845 15513 21767 8185 27297 4007 15175 11068 31249 3047 3096 6237 822 12577 17325 16402 21499 19811 4207 3439 2101 13825 14323 7946 13875 4571 18473 861 18838 6366 26839 5227 99 27854 24902 13991 15959 28482 9788 32529 10875 14576 1065 1186 19192 5674 14757 24810 4907 11433 5658 9208 6140 11914 28862 16250 24172 16022 3013 11557 30830 27078 14292 21591 25592 23046 19384 29435 24665 9786 17496 3502 11725 25471 8424 11039 27471 23475 20320 24252 1710 3383 15661 26251 29411 22515 24614 24661 6306 31643 19393 23050 13615 19249 9863 16737 7027 14796 5061 30399 2895 9367 25989 1882 4912 32284 10940 21150 12260 16067 28101 7888 7852 16021 14094 24817 5522 23622 10258 15333 22012 5491 17031 31444 19842 29736 12248 2769 14589 30117 7381 14265 32224 20066 32170 12382 11724 12112 19981 5605 26718 28770 8636 6765 3916 17484 6439 29426 176 22923 3689 8304 19363 3237 3709 21579 4878 4018 29359 29678 4797 11035 11856 32690 31413 31650 9390 24834 5320 20898 6980 25534 26726 5528 7213 24284 20662 21987 23775 20565 14565 25032 32021 28735 29375 5561 12813 32566 23420 15575 12788 21505 17116 11189 29599 27763 18550 30815 5755 1422 9036 29595 1735 32495 1956 18286 12800 3430 7955 24290 24477 228 18139 31495 509 8602 2167 6456 5022 26719 115 3743 21647 
1 27 43 4
2 200
2 10
1 100 179 19
1 29 198 1
2 129
2 143
2 82
2 187
2 202
2 209
2 215
2 18
1 89 203 19
1 4 171 1
2 148
2 121
2 74
2 46
1 42 214 1
2 167
2 130
1 93 103 14
2 8
1 234 238 15
2 185
2 167
2 115
1 129 164 10
2 35
2 165
1 71 119 7
2 212
2 124
2 119
2 132
2 15
1 41 60 4
2 236
2 87
1 183 203 19
2 109
2 60
1 139 220 5
2 37
2 183
2 115
2 72
1 38 183 2
2 72
1 109 183 2
2 17
1 64 71 2
1 140 208 12
1 51 92 7
2 239
2 234
2 243
2 196
1 100 218 12
2 71
1 83 199 0
1 68 175 6
2 44
1 68 166 4
2 152
2 31
1 16 241 4
2 18
2 28
2 58
2 41
2 237
1 42 227 12
1 14 237 11
2 130
1 72 195 17
2 117
2 240
2 43
2 236
2 96
2 119
2 86
2 49
2 156
2 76
2 229
2 217
2 56
1 40 142 9
2 179
2 197
1 170 193 4
2 201
2 82
2 189
2 34
2 207
2 62
2 11
2 185
1 9 121 10
2 141
1 18 57 13
1 149 221 5
2 162
2 69
2 75
2 12
1 145 206 9
2 173
1 24 101 5
2 147
2 2
2 223
2 180
2 123
2 1
1 179 237 13
2 157
2 94
1 6 52 2
2 226
1 79 112 16
2 198
2 206
2 215
1 91 229 11
2 152
1 64 100 15
2 129
2 13
2 49
2 56
1 38 221 4
2 142
2 99
2 163
1 102 148 6
2 183
2 245
1 103 176 13
2 41
2 12
2 173
2 129
1 184 229 13
1 67 235 16
2 231
1 186 207 3
2 230
2 228
2 222
2 87
2 218
2 16
1 67 101 9
2 60
2 203
2 193
2 242
1 75 168 13
2 222
2 107
2 198
1 93 183 1
2 177
1 19 136 9
2 127
2 36
2 236
1 45 117 7
2 145
2 22
2 145
2 146
2 210
2 115
2 36
1 191 216 17
2 56
2 176
2 57
1 50 57 12
2 71
2 102
1 7 171 6
2 103
1 119 233 4
2 142
2 64
1 87 180 15
1 50 96 13
2 67
2 203
2 115
2 188
1 25 95 18
1 41 111 11
2 77
1 171 241 19
2 227
2 50
2 122
