50 
500 
83 20 70 52 70 26 55 84 26 15 31 46 32 52 90 19 99 90 95 3 59 44 8 68 71 94 37 93 78 17 62 26 29 19 47 66 31 2 54 53 51 96 24 86 45 23 3 66 6 10 58 11 84 84 57 5 30 38 45 7 46 9 60 73 96 95 94 10 81 30 12 94 78 80 1 57 19 7 62 40 95 65 36 23 89 22 45 98 58 74 2 97 65 36 93 82 79 88 40 10 0 50 77 87 94 15 28 74 73 16 86 16 31 82 97 84 13 23 4 82 99 58 87 22 46 1 57 52 11 12 16 39 58 25 44 38 77 7 16 0 94 45 23 61 8 7 35 21 60 31 21 2 4 4 50 38 77 41 56 92 94 3 26 82 95 49 6 31 69 23 91 83 28 23 74 84 21 80 74 16 89 77 65 80 42 11 30 39 85 81 46 33 82 29 74 39 21 12 40 72 98 63 53 6 41 23 60 57 60 77 53 17 78 42 25 59 15 55 82 58 46 29 14 97 5 27 81 87 73 52 70 42 36 28 35 99 67 77 80 72 52 11 58 20 17 77 50 17 67 18 45 74 34 31 78 94 60 17 35 42 65 75 42 63 38 64 52 61 47 39 6 37 52 18 63 54 44 25 33 10 49 45 31 70 43 4 41 22 31 97 30 25 48 25 86 82 55 73 91 9 49 74 35 18 1 33 60 84 51 30 84 72 59 93 77 12 40 35 37 36 25 95 25 48 19 96 13 64 5 1 35 49 37 20 65 52 80 14 83 89 82 21 36 82 87 34 28 65 72 1 77 90 72 63 15 10 83 83 50 36 39 59 47 20 9 69 34 71 9 65 28 20 1 17 81 89 62 71 44 50 66 34 88 33 64 44 34 54 21 94 68 83 27 6 51 14 73 70 19 35 28 24 87 84 36 99 64 0 23 29 2 50 56 23 0 9 82 30 95 45 10 49 61 4 67 20 64 50 99 33 94 60 13 28 48 72 59 18 36 89 25 60 56 18 85 59 74 91 87 84 19 20 61 45 11 43 60 65 74 93 84 48 73 74 60 92 2 52 28 15 43 9 62 24 66 84 41 58 7 81 81 90 81 27 79 78 80 92 21 65 48 90 26 7 27 10 24 27 64 54 
500
74 65 20 23 64 77 43 28 23 97 37 50 61 3 97 0 43 68 35 71 18 70 52 87 0 95 98 28 70 78 44 32 33 27 65 76 56 63 24 35 18 73 70 66 25 70 10 15 61 34 40 99 41 38 34 40 62 50 23 55 64 37 89 0 96 16 52 3 84 83 53 73 46 47 30 75 50 73 90 33 22 89 75 5 86 14 26 72 59 76 59 37 35 0 71 5 71 48 28 74 24 84 20 84 95 39 2 65 63 27 9 12 48 30 74 81 87 42 52 94 34 91 86 77 48 64 54 75 14 15 24 46 92 44 33 46 73 88 52 18 65 15 8 47 36 53 94 46 80 0 11 67 44 15 16 31 79 77 82 32 35 47 94 34 31 74 24 58 80 90 61 48 40 57 70 43 99 92 41 24 94 66 37 17 1 61 15 20 34 59 35 90 15 72 80 33 44 78 84 5 27 0 16 7 38 10 71 89 60 64 11 32 67 31 60 10 39 55 95 52 96 49 45 10 50 4 72 64 25 72 6 21 62 23 21 53 66 8 67 1 65 85 27 9 71 90 0 98 99 25 21 49 98 12 63 2 66 36 92 30 2 40 86 84 1 47 14 68 99 34 66 72 30 90 64 27 40 75 3 20 24 95 80 89 47 12 17 36 19 26 4 28 8 38 63 13 93 97 32 39 63 63 19 7 32 74 27 39 86 65 69 75 59 28 35 43 96 13 56 35 18 55 37 45 60 35 51 16 19 18 41 50 0 53 26 84 91 80 11 65 0 84 86 63 43 54 32 37 80 75 8 71 87 33 40 92 4 27 27 23 23 94 24 65 33 9 86 56 66 92 48 41 60 24 10 10 11 47 63 95 16 47 98 92 50 62 95 17 42 7 7 56 55 47 66 76 7 14 10 29 37 83 64 53 85 18 89 23 30 92 66 47 98 92 24 52 82 24 30 36 43 59 35 34 38 96 78 25 97 63 56 47 34 90 6 33 26 99 29 4 0 82 87 1 9 8 65 45 22 98 76 17 1 34 86 45 85 9 72 1 80 57 61 86 72 7 17 25 7 69 41 10 82 5 94 10 93 14 21 84 87 11 1 51 29 58 90 92 24 78 31 22 70 56 27 84 7 78 19 56 
500
30 85 35 57 42 36 46 27 88 27 11 0 35 24 79 19 52 25 36 63 33 79 15 86 47 50 62 48 95 40 79 94 47 97 81 68 26 95 60 33 52 30 32 78 34 59 76 30 55 1 25 61 1 88 89 58 97 92 9 30 69 92 63 33 82 80 13 47 60 66 3 83 67 10 11 85 49 99 52 12 52 97 60 90 7 62 97 80 31 26 66 31 57 44 57 82 18 22 87 24 3 53 92 39 59 37 49 76 93 42 48 74 37 41 84 61 61 84 23 76 85 25 11 77 0 58 94 78 61 70 3 97 29 38 34 72 87 56 36 97 55 55 68 51 19 27 20 36 82 26 15 61 86 14 37 95 88 74 42 31 23 1 85 49 12 83 46 21 67 78 48 88 86 53 75 8 59 57 84 50 45 93 35 31 52 90 71 48 18 52 16 59 49 80 5 61 87 69 93 33 37 10 68 90 6 94 38 86 81 75 95 27 79 84 72 34 64 23 0 3 65 21 4 36 62 49 77 33 98 5 44 15 14 27 99 43 85 32 28 67 83 35 75 68 66 62 86 85 11 30 99 90 54 16 75 2 17 87 56 77 54 2 85 20 38 40 63 18 27 75 75 71 43 80 57 94 50 94 29 76 81 11 37 32 68 2 82 56 93 84 75 3 94 12 32 67 47 11 64 63 62 33 43 89 95 34 14 33 63 67 13 7 27 14 44 62 72 69 75 40 58 94 10 99 44 99 59 21 49 8 40 93 40 56 53 12 6 75 66 12 77 96 78 0 1 81 11 38 26 96 75 7 57 71 80 68 81 10 86 99 72 71 79 23 20 84 78 46 16 97 35 5 33 24 78 28 95 97 78 86 96 84 39 75 14 43 30 90 86 43 48 47 83 87 27 36 96 80 14 37 52 95 73 82 23 82 98 55 87 29 3 96 9 59 29 13 46 10 66 48 18 94 28 39 93 74 32 20 23 54 32 15 10 51 76 59 37 5 79 88 13 58 18 5 30 86 15 33 7 60 87 53 57 38 6 17 34 15 57 60 24 88 94 8 76 58 7 16 98 91 62 41 48 50 76 55 99 52 4 84 62 84 62 85 2 52 71 56 45 96 95 11 45 92 13 94 53 37 22 64 
500
73 24 3 36 97 47 70 70 70 85 35 88 0 67 21 93 15 62 87 72 61 58 74 68 52 19 3 94 2 66 7 28 8 39 77 57 49 30 37 53 61 64 57 45 6 59 30 84 97 97 13 95 68 10 26 48 69 73 66 26 96 95 14 44 88 16 38 64 63 1 57 53 17 14 96 4 49 65 17 44 67 39 96 94 24 38 46 7 29 58 98 24 89 31 8 59 94 79 95 78 95 1 45 71 35 25 14 41 76 81 61 66 81 93 34 72 11 48 44 9 28 74 84 96 51 55 96 54 93 27 64 23 78 42 96 47 62 43 47 37 19 2 16 87 52 89 7 54 74 31 19 76 65 56 88 40 56 47 26 26 85 51 85 22 57 48 14 77 81 97 51 31 94 5 99 43 84 74 8 87 13 10 71 55 19 51 73 87 7 72 37 71 43 47 77 55 70 10 45 20 2 20 66 32 29 84 11 85 96 95 49 93 63 96 74 76 27 5 92 89 61 62 2 40 33 23 10 76 34 36 21 26 4 60 65 48 4 63 10 87 54 50 34 29 71 92 71 27 26 28 38 79 64 22 62 0 17 78 21 32 32 57 91 63 38 25 76 34 56 5 1 32 15 93 82 99 83 1 38 36 65 52 40 13 88 57 65 37 42 58 51 2 36 9 78 96 35 50 11 36 23 55 39 61 58 63 55 5 56 5 51 95 24 61 31 33 39 25 15 84 69 97 19 64 44 40 48 87 16 6 70 13 58 66 25 60 15 24 12 99 89 16 85 42 14 57 87 61 75 80 78 91 52 35 55 1 96 70 51 44 71 37 51 41 83 12 98 26 88 94 80 10 12 38 63 90 95 23 12 80 76 88 24 83 64 39 26 87 32 6 22 40 98 50 12 78 8 85 30 73 99 26 25 30 45 95 56 75 49 22 97 19 44 23 75 80 18 34 28 26 80 0 23 16 40 51 6 57 65 4 47 85 48 41 53 61 35 15 38 66 77 38 47 55 66 61 75 62 50 25 16 28 17 54 17 94 2 57 6 92 20 66 14 19 18 86 44 9 6 33 2 22 88 39 33 67 49 73 80 52 60 81 43 42 46 84 89 94 42 23 76 85 73 28 64 26 65 48 13 84 
500
44 49 30 49 14 38 60 84 88 28 93 77 58 40 46 12 84 95 53 18 76 72 81 28 80 77 18 8 14 73 36 5 37 50 22 85 54 63 70 54 32 37 76 72 80 11 79 91 29 80 73 19 28 79 15 70 10 14 93 41 80 52 95 17 99 18 60 75 77 82 49 61 75 39 17 10 62 96 90 86 32 95 35 36 68 46 36 12 31 15 74 94 6 43 99 72 85 78 99 47 50 18 59 74 97 45 2 7 97 52 89 13 86 95 17 87 68 45 11 57 82 44 16 54 40 65 91 40 41 8 66 53 96 69 50 77 4 83 35 10 94 13 76 84 78 2 61 96 47 46 30 4 86 51 1 1 47 7 25 59 33 15 90 53 46 12 1 9 12 80 20 39 55 32 1 17 42 57 10 97 31 69 57 23 98 3 28 27 91 11 39 2 60 61 79 41 37 84 63 44 57 78 70 70 18 89 56 71 46 92 16 20 22 68 65 0 94 99 43 43 45 26 77 60 39 25 95 42 22 68 10 31 33 98 8 30 33 73 76 10 92 90 83 13 65 45 88 90 33 84 92 43 36 11 60 66 10 16 80 21 79 92 32 73 84 90 44 82 31 53 46 80 84 94 86 90 64 20 88 29 96 19 81 44 42 54 66 95 34 80 22 96 85 52 48 5 84 53 95 13 54 93 1 20 77 10 70 87 87 43 77 75 63 85 73 36 82 98 2 52 7 50 26 57 98 66 41 51 17 71 42 54 85 21 17 5 5 22 97 76 98 76 69 77 13 45 8 40 74 45 9 87 63 32 22 13 76 1 72 14 97 70 35 39 48 17 22 1 80 62 7 96 83 38 24 6 80 22 30 30 62 2 22 70 56 82 3 78 29 26 55 44 17 23 15 87 96 23 89 95 14 11 29 97 47 95 13 76 25 27 83 72 87 31 2 42 68 92 95 96 78 24 82 49 21 22 50 5 2 75 31 2 96 78 19 58 33 79 22 89 39 24 31 99 77 31 13 55 25 44 36 21 56 78 1 47 73 37 68 21 51 57 81 37 4 23 79 61 52 66 30 62 91 45 88 20 41 52 78 4 66 49 39 47 64 84 95 40 31 6 53 68 77 99 23 52 7 55 92 2 
500
59 43 54 44 6 26 71 78 41 97 42 85 43 95 42 98 72 42 82 68 29 0 38 15 11 26 87 34 20 24 40 77 94 18 19 84 39 74 83 73 53 12 67 36 63 59 27 50 20 80 82 73 10 8 21 61 57 96 49 34 74 70 83 32 30 98 62 45 58 80 39 23 32 44 78 89 28 9 6 90 76 23 39 5 69 15 84 10 0 55 89 40 72 18 55 89 90 17 34 1 7 42 31 14 31 44 75 64 41 58 89 4 16 79 78 57 73 5 35 27 28 13 91 61 5 35 70 65 96 83 85 21 76 97 5 54 49 64 94 63 94 29 68 89 85 4 14 5 56 43 57 35 5 60 91 24 63 15 50 54 75 5 76 73 34 13 94 29 14 54 72 53 25 49 67 48 36 46 58 87 13 59 65 35 51 49 38 14 46 22 37 64 70 38 24 31 53 72 19 59 58 9 5 6 80 72 66 17 81 28 97 14 68 80 19 23 34 35 23 90 30 83 58 83 53 32 9 28 94 20 58 6 79 41 5 14 81 64 49 18 43 64 69 26 51 61 82 33 22 85 14 80 25 23 54 58 6 48 61 46 43 60 22 21 5 59 76 95 95 70 75 16 64 69 84 77 54 10 67 61 42 18 79 70 54 30 45 9 30 24 16 96 67 13 71 39 49 73 72 61 52 6 59 38 65 1 26 82 92 49 61 17 57 28 87 7 60 53 5 50 34 92 31 85 28 87 84 30 25 95 40 48 90 4 52 22 37 75 6 57 69 17 4 72 88 94 41 1 17 55 21 51 62 25 97 62 13 20 21 6 3 25 91 74 83 97 14 13 8 33 9 93 98 97 86 64 67 39 84 43 45 7 69 16 98 54 81 71 11 98 98 46 89 77 92 71 82 64 37 17 69 28 33 46 8 39 5 78 77 80 52 18 98 68 50 87 91 63 20 57 54 84 62 24 13 34 58 62 28 85 43 76 47 27 81 89 67 82 4 20 54 91 53 47 40 58 71 36 76 43 34 29 87 75 67 11 97 25 68 71 9 68 92 90 45 30 97 13 46 54 10 63 18 14 50 83 81 73 49 14 42 87 19 35 72 65 63 86 25 60 66 93 92 22 68 96 40 79 36 1 
500
40 32 82 90 29 75 54 25 69 41 48 49 1 63 5 53 8 34 51 8 61 29 98 15 5 57 96 82 48 68 92 73 99 24 13 22 96 2 95 73 96 16 81 9 91 64 19 42 81 17 33 26 39 22 98 90 89 26 52 1 34 67 53 94 62 19 94 59 5 80 56 10 68 31 60 88 1 60 73 45 8 76 45 51 74 78 4 94 25 72 53 31 71 40 37 44 14 49 47 50 60 66 31 2 77 23 55 98 19 67 59 91 63 23 80 78 1 74 14 45 67 21 36 85 30 34 85 71 90 5 51 1 57 28 71 89 69 96 57 13 13 38 6 10 20 16 7 34 70 90 72 35 40 3 63 87 70 86 20 49 57 1 0 52 27 50 67 75 0 18 16 7 58 13 90 65 67 20 70 49 87 53 60 55 7 24 75 87 0 60 44 54 63 75 47 80 3 45 35 27 66 14 59 81 96 41 66 82 12 73 78 19 72 47 2 77 91 21 11 81 1 23 30 36 65 10 95 50 72 16 84 52 47 54 73 48 82 50 27 7 40 85 94 33 9 63 94 14 96 15 18 24 43 36 84 74 51 11 43 18 73 17 20 79 82 53 78 89 70 24 3 75 19 51 92 23 34 1 67 29 68 87 71 70 24 13 50 49 35 84 9 90 20 36 8 70 32 41 53 97 20 17 25 13 94 91 82 54 49 66 15 91 68 98 7 5 53 26 17 93 58 8 14 64 30 12 60 74 50 67 85 2 11 63 28 1 30 45 84 65 5 59 44 27 53 84 67 15 52 12 18 1 50 52 95 47 29 76 18 77 70 97 41 92 41 18 85 8 94 54 90 37 7 33 22 79 3 22 65 65 93 20 47 65 23 10 33 25 5 35 98 37 63 47 90 84 36 66 86 31 12 19 46 37 95 35 53 93 67 65 8 34 74 38 1 41 32 98 17 30 17 47 7 21 75 69 78 33 96 2 96 29 78 5 15 31 67 49 87 38 60 41 63 61 87 49 43 83 28 96 57 20 3 50 31 37 11 70 31 21 43 69 65 97 85 51 85 69 11 10 91 76 18 33 49 46 32 65 0 98 95 57 96 42 77 73 20 52 70 91 77 79 50 36 19 24 58 54 4 49 
500
41 19 74 63 31 97 9 99 30 38 19 75 5 68 11 24 98 67 95 56 29 62 87 17 47 49 60 86 41 35 48 32 24 79 60 46 2 56 63 0 93 49 36 55 56 14 44 8 22 57 3 57 92 13 74 92 94 3 36 4 77 3 53 4 87 80 99 19 44 52 71 0 9 86 71 59 92 66 34 36 92 17 18 69 35 44 49 54 57 92 8 5 31 56 90 25 65 14 20 66 54 66 40 52 15 73 87 11 65 41 97 94 64 10 47 89 32 36 40 34 10 22 45 92 78 42 33 0 26 56 16 78 30 73 92 34 9 30 93 90 73 36 94 61 91 65 89 29 40 51 98 83 91 12 7 27 98 66 89 36 31 44 24 45 99 46 8 30 18 6 34 59 70 87 87 9 9 14 90 67 64 52 87 44 97 20 62 4 85 78 76 54 99 50 77 60 43 1 22 41 14 81 9 4 80 89 66 53 20 24 27 6 68 26 0 81 20 97 56 93 75 77 81 23 0 26 94 15 18 19 60 99 48 49 20 87 4 87 17 98 58 86 36 28 7 41 7 47 4 73 5 45 21 56 98 85 49 13 59 2 37 14 87 21 39 25 97 71 64 12 55 98 98 41 6 60 21 62 11 26 16 27 64 80 25 9 27 86 87 57 31 24 52 81 88 27 55 54 9 78 88 33 10 91 94 35 52 74 90 94 28 28 56 60 29 8 46 64 33 51 68 44 98 81 42 42 57 85 29 61 90 29 17 74 35 8 67 24 14 51 77 19 47 75 58 88 81 63 63 24 39 18 78 30 90 84 42 46 58 19 52 46 74 74 30 72 26 41 11 33 48 54 55 68 23 96 90 2 27 64 14 88 8 10 79 8 11 96 52 77 55 20 78 87 56 5 0 4 53 28 84 57 14 75 47 4 81 43 57 62 36 82 4 22 23 18 89 65 73 8 73 58 68 72 34 69 58 86 72 2 47 3 1 17 58 79 38 85 74 64 36 91 87 14 61 37 91 57 99 31 56 60 67 63 99 59 95 76 64 13 29 75 72 42 8 94 80 27 71 66 96 22 58 6 24 73 63 69 59 53 67 78 28 29 31 87 26 15 48 27 82 62 79 48 52 29 35 85 81 22 
500
10 94 72 91 27 87 25 50 10 50 50 61 69 93 0 15 18 14 70 40 97 48 31 94 17 1 78 16 27 23 88 4 66 75 61 70 90 65 50 76 46 61 50 84 64 93 55 91 47 23 52 17 6 96 25 48 71 60 68 72 10 34 61 4 43 62 7 74 73 1 15 68 96 38 54 11 54 55 7 21 39 15 77 19 9 88 44 87 74 3 12 75 93 26 23 0 78 61 36 16 50 26 69 28 64 26 57 93 14 68 92 82 50 41 21 77 93 24 46 31 31 29 61 92 0 31 54 10 89 2 16 32 95 86 68 40 14 49 28 2 6 99 86 57 64 63 40 77 97 17 87 3 84 13 62 3 62 69 68 56 83 66 67 82 88 71 12 46 8 87 10 16 2 43 6 64 88 18 13 25 90 97 58 75 81 26 6 31 14 61 15 94 45 26 88 79 49 81 69 18 25 88 92 44 94 56 58 90 81 94 94 96 87 12 58 56 66 55 22 97 58 83 42 95 23 56 81 15 15 56 52 75 90 27 43 16 1 6 66 63 77 82 85 16 85 68 58 90 35 48 35 11 36 63 97 80 13 69 77 76 20 5 50 54 7 21 50 42 94 67 30 20 20 51 53 34 31 20 12 78 43 14 3 35 63 83 74 59 71 81 99 96 59 79 43 13 22 24 85 8 91 77 13 75 83 90 66 62 34 7 52 28 28 58 64 7 44 94 35 53 89 31 91 21 83 33 70 66 32 52 77 65 55 86 92 67 21 36 71 61 81 51 62 9 86 97 56 36 65 13 3 21 64 28 4 15 91 39 29 26 47 19 49 98 16 61 97 61 52 69 14 71 35 47 99 47 23 43 29 5 50 8 35 94 51 87 25 13 4 22 74 11 15 72 33 86 70 93 90 82 43 30 91 46 36 67 72 31 39 28 8 4 92 98 42 88 72 9 37 8 0 74 59 53 42 54 80 63 27 45 97 54 75 98 15 55 94 76 39 10 14 41 77 76 95 13 5 17 20 25 69 61 39 49 81 94 14 41 6 62 1 94 13 83 53 88 16 30 94 3 42 43 42 60 8 94 38 30 58 15 1 50 6 27 35 27 7 99 17 21 7 96 59 1 31 67 71 24 88 89 
500
83 5 55 49 60 71 4 56 25 20 6 92 80 18 16 77 18 32 9 19 5 22 13 58 24 88 49 44 90 44 3 61 90 27 29 30 70 3 37 95 62 2 44 69 18 66 58 13 21 72 18 77 56 4 76 54 13 90 48 48 61 40 42 60 34 36 78 84 45 63 64 59 95 85 79 80 83 88 89 97 21 80 73 13 28 10 6 78 76 39 48 4 60 88 55 43 38 82 67 74 76 10 2 24 46 55 32 63 6 49 53 57 8 45 97 44 69 12 49 12 85 14 9 6 41 14 89 40 2 22 11 52 55 72 86 91 72 75 23 21 87 53 72 2 3 4 89 26 95 9 88 13 86 15 57 64 9 98 77 81 8 76 84 79 40 38 74 77 58 18 55 73 29 59 71 33 5 69 66 44 71 94 36 17 28 13 50 99 54 68 69 25 15 38 7 75 46 9 41 61 72 52 68 80 85 1 15 97 48 30 24 60 78 45 77 61 17 71 81 93 44 88 91 57 51 71 19 45 41 18 61 30 40 76 93 82 57 91 34 64 71 67 5 81 37 48 32 81 99 9 61 16 2 78 28 12 49 70 85 15 97 8 52 46 58 82 26 37 56 1 20 58 72 1 12 54 48 79 37 31 5 40 73 38 34 93 98 99 73 47 8 34 82 24 66 87 48 20 77 59 50 20 93 6 74 13 63 80 52 7 80 85 37 87 11 78 23 20 37 3 7 52 60 43 41 31 73 67 37 85 51 83 57 6 1 8 80 65 76 62 24 26 63 18 0 19 8 74 21 62 32 80 42 75 35 72 30 13 35 18 34 86 87 98 0 99 77 7 16 13 6 18 16 16 14 39 31 63 63 78 35 42 67 79 49 16 47 48 52 13 78 34 37 77 88 36 62 50 2 73 66 7 96 70 93 7 85 2 13 80 66 5 32 7 72 95 35 96 94 17 74 42 69 61 42 84 29 99 59 50 3 9 33 80 39 65 74 32 54 89 33 8 52 6 67 49 10 15 78 96 15 84 98 9 61 24 60 22 71 56 11 35 99 86 17 82 40 89 47 64 0 6 99 33 46 34 17 2 36 14 90 48 56 94 84 74 45 11 30 69 51 93 9 3 94 15 11 10 50 12 
500
66 63 10 27 31 6 40 52 41 58 23 89 4 34 44 41 28 1 9 21 55 28 69 92 89 27 45 82 89 79 97 10 92 8 71 42 95 41 54 32 65 20 98 99 37 56 26 82 50 8 26 96 41 79 92 2 83 56 83 30 11 55 32 58 21 90 28 73 90 11 52 94 61 72 63 18 45 4 69 83 61 43 81 6 10 7 64 24 46 42 33 12 42 72 44 28 80 79 92 66 55 36 87 86 52 86 0 12 12 7 78 84 21 29 70 26 14 15 57 48 20 39 99 86 82 32 1 91 46 30 75 18 72 2 81 43 52 76 51 64 4 19 77 38 79 92 85 4 51 22 23 69 44 41 17 66 25 64 39 96 74 82 53 39 13 24 32 66 60 29 51 72 33 30 67 50 24 58 16 47 95 73 40 71 55 78 38 83 99 62 85 15 1 23 34 24 65 5 41 67 50 49 81 7 49 30 11 68 55 15 10 35 33 94 54 83 33 10 83 97 42 66 77 1 27 81 12 93 7 21 7 56 27 77 5 63 15 3 73 13 47 67 30 20 79 75 4 39 53 59 83 80 8 31 52 25 64 20 79 39 61 91 52 54 95 96 57 58 16 90 97 94 75 73 26 57 40 50 59 46 73 62 90 6 36 56 74 85 7 51 34 89 47 40 28 27 31 45 15 44 79 6 86 12 37 50 78 98 63 43 6 61 95 9 82 62 49 65 36 16 57 17 45 78 63 35 43 61 53 15 37 69 57 98 80 71 6 90 42 79 75 6 67 99 84 79 82 18 48 56 95 36 59 61 76 66 0 6 69 10 35 57 82 6 26 27 64 77 69 60 49 27 25 29 88 43 53 58 79 68 34 0 86 23 93 51 3 4 21 16 21 52 33 59 60 44 99 84 18 73 14 85 10 47 5 21 5 81 40 39 8 79 59 5 3 3 11 92 32 58 12 8 20 65 96 99 38 2 29 10 28 81 58 72 73 53 91 0 30 12 92 32 99 89 18 30 82 76 73 70 74 45 4 74 63 61 80 48 72 78 59 34 61 32 2 76 91 92 77 62 95 56 16 4 45 40 66 33 1 19 55 43 0 99 81 74 68 46 47 3 16 85 65 1 76 39 73 22 80 86 
500
41 87 48 7 45 18 73 88 15 89 58 33 68 45 58 50 62 41 42 84 48 23 4 27 53 66 63 10 22 54 6 28 26 99 9 19 51 25 29 63 60 9 9 88 55 32 57 59 67 79 24 47 38 19 33 5 33 71 5 93 24 48 31 69 0 7 58 73 9 31 65 10 23 68 79 34 81 97 17 85 22 86 38 27 30 18 43 52 49 17 9 90 77 49 69 1 41 66 67 28 66 8 36 79 39 16 26 29 49 10 13 4 61 80 65 92 15 79 16 80 38 85 83 75 63 97 15 7 54 4 87 52 2 67 40 3 36 64 65 45 50 82 7 71 14 52 7 71 35 74 3 15 67 0 3 73 24 13 31 90 56 80 9 28 16 8 71 74 21 22 2 13 24 35 1 38 63 97 82 64 15 31 58 22 88 91 59 33 6 32 61 89 60 73 49 61 22 35 69 6 92 5 23 75 49 37 82 9 97 64 40 14 14 44 74 85 4 10 31 39 9 73 51 94 1 92 83 8 5 15 7 55 41 70 21 21 38 18 97 19 57 24 41 56 32 54 68 36 93 27 25 58 49 62 4 26 37 42 64 56 33 19 54 97 27 0 27 5 57 64 17 43 51 21 42 35 24 7 50 71 56 72 61 91 82 6 87 8 23 93 77 4 49 95 81 4 66 76 58 42 39 23 39 62 53 40 77 77 83 25 72 56 14 43 93 58 74 43 45 35 87 28 18 80 1 15 41 10 29 52 75 56 90 4 83 21 98 49 99 31 83 48 54 5 93 47 37 4 38 38 8 27 20 66 84 17 53 71 12 23 36 37 57 77 49 7 23 80 30 24 39 12 83 69 7 10 93 53 35 9 70 65 13 79 76 24 46 34 97 15 89 2 76 12 59 56 87 96 71 3 50 80 64 37 29 72 79 80 31 46 16 47 39 96 70 28 35 13 21 2 2 19 55 97 80 31 32 43 40 33 58 9 41 26 92 18 50 11 29 61 47 16 71 9 23 98 8 11 35 10 75 10 46 38 24 40 58 55 85 19 32 26 44 54 89 46 66 63 47 40 92 48 58 18 76 9 45 57 70 25 94 91 8 97 72 97 33 0 51 26 13 0 81 27 48 94 96 29 10 6 
500
6 93 26 85 20 2 97 98 93 61 17 18 55 5 34 20 72 17 31 13 55 30 10 85 94 28 22 61 66 68 34 31 27 91 60 40 8 58 49 46 80 72 10 91 99 82 24 5 46 12 37 99 3 83 64 24 2 82 53 2 78 48 51 68 43 63 23 43 56 26 54 83 95 32 7 99 43 60 52 31 43 33 46 92 20 71 11 59 37 17 24 2 97 37 88 65 81 90 36 87 56 7 74 99 23 14 69 73 5 10 7 12 97 70 14 51 31 33 82 32 46 46 48 18 84 71 99 2 74 55 17 93 72 75 94 9 74 34 14 46 4 32 70 30 88 10 99 77 65 29 9 71 93 38 79 52 14 45 12 84 84 70 9 74 28 17 95 33 94 48 2 60 91 10 99 3 26 30 70 93 98 15 27 93 35 81 8 63 86 19 28 45 7 24 83 41 88 71 37 1 32 59 65 55 97 74 56 56 60 77 22 7 96 75 37 16 76 97 30 22 6 85 91 9 64 80 65 22 3 17 16 48 44 35 48 49 44 67 24 97 93 88 37 71 28 1 84 68 6 0 0 44 20 71 20 51 76 13 71 10 49 3 58 11 28 84 21 63 43 13 43 29 67 48 67 33 85 69 51 99 85 48 45 10 45 37 61 83 70 23 30 58 41 56 25 55 23 33 51 38 51 68 12 38 11 73 11 78 66 17 15 17 88 34 69 22 95 73 81 54 10 92 92 56 96 33 14 42 36 65 6 82 99 42 20 91 65 26 13 0 84 51 90 39 68 30 46 65 98 98 58 81 1 48 34 67 60 72 76 40 93 75 96 15 83 51 80 31 40 52 20 80 18 76 42 95 89 79 79 92 72 79 75 92 1 5 79 46 67 65 58 34 14 5 84 1 13 6 39 28 71 60 60 64 77 96 65 78 52 56 14 92 96 47 52 45 18 78 13 30 35 36 90 8 69 96 19 14 80 64 40 84 89 56 18 70 26 80 78 12 57 78 57 76 37 80 13 77 2 56 7 29 75 34 22 53 14 96 29 59 30 31 87 18 76 27 40 92 85 32 64 92 64 79 40 17 75 39 48 91 15 56 6 6 95 42 43 89 74 85 12 28 13 94 96 33 29 53 57 31 
500
72 30 35 23 82 3 8 25 9 44 79 43 58 12 40 16 22 97 54 95 82 39 83 43 32 71 29 9 75 18 5 49 24 40 75 11 61 73 20 45 79 81 39 65 50 75 81 15 70 50 5 14 41 23 88 1 9 71 75 53 80 76 51 86 69 35 15 59 85 44 85 5 87 44 31 57 37 23 48 76 74 19 21 53 31 21 94 16 47 99 83 32 75 38 94 76 34 30 7 96 60 43 96 47 2 56 32 28 18 3 46 67 97 86 60 2 97 23 2 67 59 71 70 80 89 13 85 66 97 59 4 66 70 91 89 25 25 85 47 55 33 27 58 15 64 1 65 60 36 7 24 57 94 3 35 8 79 85 81 76 74 49 57 85 4 91 58 23 45 62 78 14 29 42 96 81 28 81 35 9 97 69 36 99 80 89 16 87 65 27 24 45 94 76 14 0 93 32 27 38 65 5 20 72 61 56 1 72 26 10 71 34 97 24 5 49 62 83 37 61 98 50 74 61 72 99 16 15 85 34 10 26 52 39 18 5 57 27 75 95 8 83 59 27 39 97 70 61 72 25 50 0 82 60 97 50 2 25 90 71 38 32 48 49 92 50 41 63 7 28 77 55 91 88 64 32 38 41 38 58 4 62 94 38 93 1 23 86 2 31 61 61 70 0 65 91 13 35 50 0 24 98 81 87 35 19 52 98 90 56 44 34 42 96 9 67 34 0 83 40 85 72 53 80 82 26 64 43 93 59 26 27 4 94 63 82 25 11 92 17 21 47 44 89 25 97 90 43 64 94 74 16 42 44 33 60 45 57 60 53 55 63 42 54 3 69 73 35 80 63 37 38 59 73 45 99 58 65 67 89 77 23 16 84 94 84 5 79 88 76 14 22 59 54 77 87 87 15 80 53 58 54 67 19 90 85 3 19 30 41 35 3 16 53 38 8 66 87 34 19 11 33 19 96 84 21 32 95 76 70 82 17 75 41 80 17 42 60 71 88 77 73 98 6 72 23 30 68 80 71 51 33 39 40 61 46 85 8 10 20 25 16 65 64 11 50 10 73 95 68 28 80 34 58 61 38 54 23 51 16 72 45 8 64 99 31 31 71 65 29 14 88 71 1 11 81 32 52 47 98 
500
53 32 41 27 90 66 44 71 1 93 8 53 60 50 55 38 96 14 30 83 50 52 8 6 59 45 13 25 35 95 14 46 68 6 45 40 39 66 67 0 14 32 76 76 21 52 86 33 79 71 37 19 12 84 81 60 77 70 2 43 42 99 42 38 11 82 62 77 54 5 28 93 10 99 5 38 25 8 46 34 3 60 32 86 68 68 75 33 7 30 26 12 95 7 52 32 15 60 57 81 26 18 86 31 49 48 88 96 49 46 8 70 96 74 49 53 20 41 58 85 36 70 57 33 23 31 46 10 68 30 73 25 60 0 68 4 92 39 93 97 28 76 83 22 15 86 93 89 45 64 74 66 58 21 66 55 65 81 25 61 73 13 75 22 51 5 30 13 9 57 13 52 68 99 13 51 76 18 16 42 86 59 17 52 3 48 4 44 60 24 69 15 25 58 82 30 75 34 95 70 1 75 65 13 11 32 17 54 65 3 22 36 44 5 77 29 7 72 2 15 33 45 15 28 46 48 66 39 93 77 50 31 63 16 69 92 88 65 86 49 48 66 93 58 26 94 99 17 47 53 82 20 55 38 43 73 58 94 96 49 47 78 64 67 59 14 45 0 62 28 66 81 41 74 41 88 17 32 3 74 26 54 84 79 17 49 55 69 23 84 64 40 5 30 15 27 65 4 18 19 81 75 7 2 40 36 75 93 68 38 16 33 32 77 75 88 19 70 61 15 47 65 81 40 16 65 5 93 22 10 68 63 72 37 78 77 10 67 15 13 55 99 78 85 32 34 78 28 75 48 27 28 60 22 96 18 64 20 8 41 38 18 92 35 24 23 21 56 24 49 97 99 3 19 59 55 15 96 67 33 75 83 7 36 57 84 49 81 10 64 94 34 89 61 24 24 34 6 85 74 71 82 64 83 9 11 80 21 2 93 43 92 1 95 22 64 69 40 67 30 39 62 73 3 82 77 20 14 98 95 77 11 25 41 91 56 75 16 7 4 39 22 58 89 6 10 67 59 39 56 66 79 69 9 31 73 83 98 63 48 39 75 86 41 5 91 40 28 78 15 66 11 15 79 91 34 75 34 44 60 14 63 92 69 20 76 10 49 56 8 96 84 91 52 76 32 71 6 18 35 
500
26 91 20 6 18 42 31 9 96 55 42 93 20 7 54 80 81 9 17 22 63 30 58 84 18 19 93 99 74 75 82 52 41 31 68 61 58 68 42 42 22 73 67 98 56 52 76 75 20 96 20 39 60 66 92 40 78 51 97 33 64 56 50 37 7 15 6 58 41 69 1 26 73 50 62 44 14 40 24 59 80 82 3 34 54 86 66 78 58 48 59 87 17 24 53 5 60 12 7 17 21 78 84 76 53 3 67 99 2 1 63 87 24 2 6 54 3 85 4 89 32 18 63 53 32 79 83 50 38 74 0 56 52 36 35 83 59 27 43 97 53 4 4 57 96 7 18 30 69 75 14 2 10 39 95 78 83 58 27 90 18 46 4 36 55 35 16 54 56 74 90 76 11 68 96 51 2 43 65 61 18 6 1 46 31 30 72 86 18 30 91 20 86 42 4 35 30 0 1 36 30 11 76 70 70 60 97 75 90 14 65 33 18 62 16 97 97 18 24 93 45 14 80 82 22 2 3 5 70 35 87 91 67 7 36 26 16 28 52 96 63 52 77 64 22 0 29 48 20 28 84 90 63 72 67 81 58 1 56 87 82 28 71 76 21 60 87 65 18 86 14 86 98 66 47 25 65 15 69 90 85 44 7 24 32 69 76 91 14 11 85 18 19 44 92 1 23 76 81 41 4 96 28 96 47 98 16 95 9 38 90 27 14 24 69 29 78 63 77 50 77 77 89 36 33 18 80 87 95 54 50 90 85 79 13 93 68 78 8 41 75 19 11 20 22 57 53 71 15 79 18 96 73 41 38 63 51 90 87 56 96 45 44 80 60 68 15 47 11 94 40 24 5 87 6 28 87 2 35 16 79 17 12 6 77 51 50 9 8 46 74 61 8 78 93 93 94 90 88 26 39 9 34 43 20 88 64 95 25 57 21 97 79 7 15 60 80 88 73 65 68 34 95 96 96 35 26 18 16 9 18 89 75 7 71 10 24 28 76 24 56 83 15 45 74 89 74 94 21 98 47 13 11 14 22 47 76 86 97 29 5 51 12 14 82 16 51 24 51 61 56 29 4 63 30 86 6 82 26 47 66 17 78 29 98 1 97 23 12 81 26 61 7 21 8 4 11 18 84 30 
500
61 9 7 67 64 53 85 46 84 81 22 74 37 49 25 44 37 8 30 78 34 40 36 71 9 33 27 19 84 44 70 58 75 75 90 75 80 33 60 59 44 39 67 10 4 47 64 20 75 55 56 9 94 35 87 71 28 88 70 2 57 0 64 29 34 72 15 97 74 14 73 99 1 82 60 0 37 22 99 24 62 7 15 73 50 35 61 6 12 35 99 60 91 25 16 66 79 96 45 48 92 8 94 72 95 30 37 49 41 8 33 35 96 33 17 69 31 77 9 25 33 24 14 21 23 69 6 41 91 91 98 64 76 93 14 63 53 92 0 38 95 2 31 44 65 86 28 24 73 44 58 42 71 84 49 70 27 86 25 88 62 32 60 21 17 75 53 15 66 5 71 0 39 15 33 15 71 93 86 19 75 55 74 3 26 85 21 68 84 37 48 50 23 83 93 61 81 34 6 19 17 63 99 63 70 98 62 37 82 17 93 8 74 98 79 65 53 13 4 19 2 88 78 17 57 99 21 25 15 48 52 69 26 65 0 54 77 16 18 78 66 5 73 41 21 0 52 19 8 0 59 3 61 57 97 42 15 58 0 6 22 92 14 28 29 71 99 67 84 90 34 44 25 42 22 83 98 47 19 32 78 34 94 36 34 56 54 30 71 57 49 25 74 91 51 10 9 34 6 5 84 72 68 15 19 77 39 83 38 34 88 68 53 7 26 62 1 57 98 96 25 15 80 47 55 56 77 78 65 62 80 99 25 23 13 64 0 64 83 1 68 6 90 44 21 47 89 65 56 30 76 62 10 38 85 53 14 76 76 71 57 72 70 38 56 52 87 93 9 68 8 1 43 10 37 60 86 98 75 53 58 34 88 27 77 40 19 89 19 52 97 90 75 33 44 18 19 2 47 5 69 34 85 47 30 10 72 42 16 16 1 35 76 14 27 20 80 95 72 22 37 7 44 94 33 99 26 78 98 97 6 31 82 20 6 44 74 45 61 54 68 2 79 53 80 85 98 35 29 63 20 93 43 50 90 13 18 35 88 7 69 40 48 38 40 50 11 22 53 63 61 97 63 89 53 34 84 16 33 67 40 54 90 59 78 39 84 7 14 94 16 35 78 62 28 86 0 22 4 36 
500
61 90 77 61 7 46 65 41 48 89 95 26 12 36 37 64 29 63 77 58 61 40 28 99 4 74 44 49 79 18 91 89 15 45 46 65 13 96 18 83 51 73 22 89 77 73 76 59 10 30 64 92 78 15 84 68 1 85 20 37 18 25 62 52 47 58 4 60 18 51 64 75 19 46 62 30 30 25 45 11 78 35 69 14 80 87 10 47 38 84 27 50 59 61 58 81 31 5 27 67 67 24 33 79 32 22 82 4 40 86 23 54 98 97 3 49 4 70 41 84 69 50 58 93 22 60 97 75 72 96 41 98 8 69 81 76 31 66 92 68 31 68 14 13 84 3 66 83 38 71 68 3 87 16 73 25 13 57 51 85 29 39 37 82 55 38 92 52 22 27 12 49 3 42 51 58 6 60 97 58 66 59 99 4 13 51 25 36 56 30 72 68 5 8 35 95 50 23 40 28 93 3 2 70 84 72 98 39 48 75 80 94 81 34 89 38 17 47 18 77 30 12 45 43 35 85 93 35 48 15 46 52 85 77 31 56 68 58 96 55 60 50 34 43 55 70 65 33 7 99 93 46 70 99 10 51 51 47 56 77 12 29 64 76 2 43 48 13 60 65 31 42 59 0 97 60 20 63 41 66 23 8 17 14 94 18 86 51 96 47 29 99 61 51 43 34 83 45 49 39 59 86 33 38 65 44 29 15 89 69 12 84 25 9 96 41 9 4 42 33 95 69 26 25 57 85 33 22 29 59 8 80 58 89 14 76 97 64 80 79 17 89 32 69 69 90 24 89 88 43 64 36 63 65 33 99 94 57 15 35 58 53 99 58 61 8 9 7 99 4 6 10 99 14 52 83 47 96 61 30 7 80 18 79 10 70 48 91 50 24 84 92 91 32 71 40 52 70 43 8 32 78 90 39 21 31 98 66 66 11 15 86 82 20 35 91 56 41 33 28 72 20 78 82 94 62 18 72 63 97 39 89 42 96 98 70 58 6 70 81 25 49 6 85 9 69 84 38 97 47 42 95 25 18 82 33 61 1 95 47 98 44 78 38 71 91 1 56 81 3 37 14 0 12 60 14 31 66 49 37 51 25 89 15 0 57 69 49 55 70 78 90 57 70 21 24 59 77 96 83 
500
14 31 43 56 74 20 11 33 62 90 75 33 20 38 59 3 64 93 4 22 13 39 23 70 20 92 17 80 22 52 53 83 16 26 40 20 51 73 5 88 56 85 20 55 70 59 49 33 75 36 95 53 1 45 41 62 52 55 58 82 99 98 25 88 54 4 35 25 17 33 6 26 9 71 19 87 87 10 17 42 2 80 29 69 88 68 52 6 77 66 24 76 30 53 61 61 51 89 95 9 77 6 92 98 32 89 43 34 66 99 38 53 39 61 7 71 59 82 28 84 39 39 26 20 51 71 94 52 27 50 17 55 56 87 47 96 23 28 96 12 11 56 22 4 38 5 32 90 14 73 65 9 96 81 50 28 69 72 91 58 97 75 28 22 4 74 6 12 44 24 38 22 73 41 37 5 89 18 46 53 13 31 60 62 50 32 40 76 26 56 31 79 92 90 79 19 5 5 73 80 58 97 45 49 7 13 82 7 61 49 19 26 8 67 79 87 28 26 99 17 5 83 95 89 94 26 94 81 51 47 76 47 82 30 91 64 39 19 59 60 2 82 20 58 11 1 2 80 55 89 29 55 62 77 66 31 6 79 48 97 86 88 86 17 18 51 21 12 29 13 70 25 67 32 97 42 81 69 92 7 41 70 48 34 48 4 97 33 97 34 65 29 57 75 20 33 60 59 60 19 80 40 95 90 95 82 53 6 48 75 20 33 61 54 13 83 79 77 40 63 34 10 98 78 54 71 3 74 12 92 46 6 88 2 45 9 54 1 13 18 67 27 43 77 46 23 0 83 93 81 81 88 99 16 83 66 80 32 50 73 14 62 37 7 99 3 6 85 83 78 21 99 64 68 9 11 94 83 59 44 25 62 93 1 41 47 36 12 76 33 98 40 25 77 55 7 27 60 33 97 69 89 67 64 98 23 19 41 18 68 27 40 93 78 87 63 90 11 61 55 65 70 79 94 69 13 11 11 43 67 6 7 32 56 69 32 57 22 68 82 65 89 35 76 14 47 49 17 26 11 30 84 36 43 23 47 26 80 74 6 67 67 27 81 50 93 77 47 26 20 26 96 19 26 5 16 95 51 73 40 21 45 32 57 66 16 3 42 24 1 26 50 51 53 29 31 32 26 45 3 
500
40 57 28 24 82 8 30 18 79 25 95 90 8 35 96 68 25 76 15 66 10 57 41 99 22 23 54 28 42 36 19 15 88 89 55 34 22 34 82 43 49 49 61 80 11 39 80 15 76 35 34 95 94 37 71 5 47 85 58 14 41 3 68 77 22 6 96 66 42 47 69 8 83 76 60 59 23 74 33 87 32 19 66 22 39 11 89 27 44 60 26 10 84 90 39 84 38 68 60 99 80 74 37 5 3 99 85 32 62 52 50 5 94 29 90 88 35 65 36 49 78 63 64 19 47 44 35 50 50 44 50 14 93 17 35 42 37 77 37 63 60 80 44 5 7 51 57 34 45 92 45 51 57 19 37 99 65 99 53 4 36 60 49 42 14 70 11 52 15 96 46 61 53 38 56 46 52 75 16 92 31 40 81 94 99 43 84 12 15 55 28 30 85 44 48 61 58 66 81 97 12 36 63 59 90 75 88 70 62 36 8 19 85 6 1 9 81 44 97 49 93 27 25 26 9 1 7 63 84 45 81 51 8 36 31 63 56 58 41 5 41 45 32 81 43 57 61 8 43 21 94 25 28 13 95 24 66 99 39 77 5 41 32 2 40 13 30 10 79 8 30 19 77 80 31 23 65 36 94 58 56 72 36 31 91 52 97 9 51 90 24 45 17 73 14 92 76 47 46 98 65 45 81 12 55 93 5 12 17 73 20 45 89 26 42 70 31 51 23 18 76 62 85 89 74 43 26 94 50 60 48 49 66 78 96 94 1 44 26 59 46 51 44 37 94 45 9 38 93 24 54 13 11 18 40 23 67 90 44 58 80 72 83 55 68 41 46 28 81 84 74 89 48 9 98 77 21 66 66 71 13 30 42 71 28 70 5 22 47 38 31 29 55 31 85 83 16 34 64 99 73 54 14 40 88 33 33 75 71 34 50 36 11 25 53 28 79 19 43 95 12 72 25 14 77 54 37 24 58 61 18 12 58 9 38 33 52 94 88 37 75 49 54 13 89 69 14 4 90 65 23 21 79 80 93 56 20 49 5 36 97 91 14 36 11 31 18 75 73 96 54 94 59 63 35 26 33 8 44 96 94 97 98 14 91 65 59 48 0 37 21 38 61 16 10 56 91 74 94 11 
500
40 99 96 9 36 53 11 74 16 72 54 95 4 19 2 14 89 18 93 33 2 30 68 10 62 71 90 82 89 51 59 88 6 80 21 73 98 82 18 39 95 0 44 86 10 10 57 95 69 42 24 71 76 91 79 91 35 78 13 31 86 0 75 40 44 7 45 0 35 43 92 32 44 71 5 42 41 61 31 25 88 74 66 74 96 5 32 46 41 27 80 76 67 63 29 98 75 7 65 83 14 78 53 16 45 60 41 35 92 4 87 6 74 88 8 56 27 99 41 90 53 37 19 59 11 64 2 97 76 20 19 1 23 60 82 22 13 9 36 64 3 29 11 54 91 18 46 43 30 70 5 68 36 53 1 62 27 19 57 39 53 49 76 32 85 88 35 56 46 8 31 45 43 56 82 73 69 7 70 80 6 38 67 44 77 33 97 35 69 7 3 79 48 23 38 98 52 3 79 25 63 13 38 79 8 97 67 52 15 32 95 1 81 6 89 45 59 98 48 14 57 49 28 60 38 40 2 72 7 23 82 82 99 77 81 60 48 4 43 19 79 9 10 51 86 11 33 34 68 54 36 71 84 49 72 65 34 58 4 91 26 80 3 70 3 99 90 44 94 92 6 9 78 76 13 75 71 45 97 25 34 45 82 15 54 53 17 30 18 68 70 44 2 4 42 4 64 97 80 56 32 81 63 39 85 81 42 98 80 28 7 30 86 64 73 86 50 12 83 94 55 68 13 65 68 69 69 75 16 11 18 25 98 86 28 4 75 63 47 56 15 22 90 85 24 91 52 86 86 93 21 62 24 97 92 11 47 59 54 51 59 8 3 72 36 39 15 8 51 92 79 86 79 41 32 17 4 68 41 93 32 0 79 27 89 79 87 80 23 80 40 26 84 64 90 29 15 5 41 56 49 57 2 68 36 73 73 54 55 6 84 10 40 92 52 34 85 14 98 44 78 29 86 8 0 94 76 91 58 58 10 46 12 85 58 26 28 54 28 98 2 4 86 92 58 59 91 23 69 99 15 37 24 76 96 50 90 89 50 99 87 76 79 61 7 68 44 60 73 60 57 1 30 51 70 76 28 81 79 93 25 44 38 88 83 10 53 75 53 86 99 52 51 88 75 83 52 59 9 87 
500
84 5 72 90 56 70 10 0 52 50 65 7 55 54 99 53 75 83 69 28 15 88 6 95 18 0 60 21 36 26 88 32 14 32 23 10 75 99 31 80 2 0 82 4 38 66 81 19 66 80 29 41 2 60 65 12 75 54 25 24 5 16 89 5 22 98 34 77 72 18 97 69 24 4 21 86 89 44 64 45 56 1 47 84 0 42 66 57 84 38 11 28 6 10 91 83 0 3 48 95 73 81 52 71 55 98 4 5 79 23 65 12 43 44 17 44 76 31 7 29 98 26 96 41 8 13 99 90 27 48 60 44 40 48 34 64 71 10 1 12 43 89 87 32 81 21 24 46 88 3 42 27 5 19 84 5 95 21 75 22 60 68 76 11 46 37 62 25 16 98 89 2 72 56 85 80 55 73 83 75 98 81 7 40 69 15 88 95 60 41 88 22 53 45 26 46 15 83 99 14 10 11 86 91 38 8 19 0 22 25 18 92 52 97 42 13 43 78 79 16 94 65 59 8 87 85 76 21 56 72 91 65 89 61 97 90 57 65 35 34 9 74 70 8 52 51 62 11 71 62 23 85 20 1 45 7 80 6 70 4 94 95 98 67 6 58 59 43 67 61 97 28 29 89 5 74 99 24 24 63 6 32 18 40 68 72 78 84 8 61 19 41 35 15 53 37 39 72 12 33 3 31 16 81 10 96 29 61 73 44 59 67 29 15 74 46 74 75 57 6 99 56 78 51 31 69 17 3 37 52 75 63 82 79 92 51 49 13 44 81 35 8 50 5 84 92 38 54 26 25 9 39 2 93 71 95 74 47 23 7 69 61 60 60 5 14 89 28 26 56 46 26 76 79 37 7 43 22 10 32 6 44 24 66 45 23 79 84 72 77 6 93 56 77 89 58 53 24 29 42 55 79 22 96 34 23 35 21 0 96 41 11 69 9 17 23 81 22 39 66 28 82 28 8 71 54 77 57 36 33 39 10 23 12 43 40 71 47 27 55 60 48 77 79 51 47 84 43 54 47 47 63 1 78 59 98 61 21 16 98 49 11 11 22 7 85 33 80 0 15 41 40 73 51 10 21 1 30 74 41 3 44 66 79 99 70 68 19 36 24 72 34 36 18 7 27 54 26 71 62 
500
71 37 71 37 48 92 87 22 40 32 2 34 79 61 74 73 37 30 50 26 38 19 96 81 62 71 91 51 31 5 4 84 67 51 75 18 77 44 86 74 29 68 39 33 87 84 85 14 93 43 70 16 26 14 83 20 24 22 34 64 92 86 41 95 88 72 99 18 51 99 32 61 78 76 4 78 21 64 13 64 48 19 19 78 90 45 15 54 76 36 48 94 56 75 96 20 86 99 94 45 42 8 3 69 6 46 39 38 63 94 48 47 96 77 73 36 37 11 31 78 59 40 89 17 82 37 9 86 2 38 60 28 7 51 9 29 93 22 62 11 65 25 68 93 26 93 35 71 69 60 16 66 58 19 56 11 87 2 85 34 20 21 50 3 57 19 36 10 11 24 32 93 36 76 67 40 73 14 81 80 46 29 23 63 68 60 67 15 63 54 45 41 19 78 11 61 2 61 90 93 11 9 62 50 70 11 70 59 11 17 44 67 21 64 71 15 46 36 61 82 23 47 34 0 94 56 87 43 87 34 26 14 19 44 55 3 26 33 60 40 16 49 26 27 85 11 63 15 63 77 59 83 59 14 46 19 79 91 51 26 21 42 58 14 75 64 73 63 27 75 4 53 4 81 33 31 44 85 73 28 33 24 44 38 39 55 97 50 81 99 52 66 55 12 65 73 71 14 13 2 58 54 33 84 38 4 86 52 49 51 8 24 41 81 0 43 71 46 61 81 73 13 3 24 84 53 60 46 60 94 22 62 5 64 96 90 67 69 36 82 9 78 43 41 50 46 11 82 24 91 1 74 4 27 1 59 63 15 27 5 51 19 55 96 85 48 32 98 77 90 90 81 44 38 77 33 91 68 94 89 23 65 32 59 28 24 6 8 96 94 1 35 69 9 80 65 44 99 0 86 42 37 0 89 21 66 30 55 38 92 27 83 93 87 26 71 76 85 57 63 59 84 45 74 9 45 8 20 29 92 67 65 49 22 23 39 0 13 65 40 1 58 34 8 74 32 95 46 7 12 16 17 85 41 45 70 28 20 44 30 86 20 54 94 12 67 10 72 94 82 96 49 90 36 72 91 39 4 93 79 75 13 60 13 29 11 7 33 10 62 24 34 74 14 8 50 83 40 41 29 
500 
93 91 10 63 11 17 90 8 56 37 29 42 45 25 12 44 60 58 56 30 61 87 25 95 72 4 28 67 43 17 64 36 97 19 81 86 2 63 6 40 14 21 52 52 36 34 96 64 65 42 33 98 17 84 16 64 12 9 0 62 93 18 82 44 80 15 2 38 42 38 55 91 67 25 38 99 1 96 59 76 99 72 16 13 75 44 20 38 52 12 65 22 7 32 71 47 38 78 99 47 64 87 12 8 6 73 74 61 89 73 52 71 72 43 49 16 77 43 58 24 63 85 32 95 25 90 65 51 26 34 17 47 69 68 54 50 7 93 13 67 17 88 76 90 18 8 28 25 82 91 39 72 77 60 6 99 63 8 8 26 98 93 71 51 42 19 25 86 94 12 9 58 27 31 54 54 80 88 99 47 75 57 98 15 21 62 59 51 30 73 59 59 93 51 25 54 50 30 92 51 54 33 19 24 44 85 77 42 46 22 3 68 1 89 76 78 20 45 61 96 19 73 39 7 87 91 57 72 83 81 52 12 65 59 77 13 96 52 55 47 66 57 35 41 48 88 30 13 1 4 26 61 99 49 49 85 8 17 43 68 8 74 9 65 78 23 68 20 17 64 57 68 48 81 47 25 92 16 87 22 0 47 67 4 83 98 55 22 76 4 30 12 87 44 84 95 95 81 33 24 28 28 51 78 7 91 19 6 31 41 66 78 99 38 62 16 71 96 95 6 39 55 2 37 18 58 19 86 40 37 2 39 68 91 98 38 3 59 11 29 1 73 13 82 1 26 34 20 5 74 66 70 94 78 84 90 33 51 7 79 48 19 22 15 24 98 64 44 85 9 1 90 14 17 29 47 14 90 33 64 97 85 25 9 87 96 27 19 27 60 44 23 47 3 5 85 93 96 64 27 12 65 11 22 8 89 12 68 12 79 93 25 30 85 65 14 49 88 27 61 62 77 23 16 73 71 53 24 1 54 23 15 78 16 60 83 83 36 86 38 17 12 64 37 57 25 95 33 51 63 15 55 33 85 51 9 11 57 79 8 52 73 82 5 41 13 85 37 16 19 18 51 44 43 64 32 13 85 80 7 48 87 92 15 72 57 82 88 87 19 27 61 40 67 50 24 70 49 50 98 
500
42 26 85 37 40 86 22 25 41 40 22 36 75 81 96 36 44 23 82 81 99 94 55 51 14 55 86 55 51 79 50 50 66 54 97 19 31 97 91 47 20 21 42 95 56 65 45 28 22 90 48 97 61 66 5 71 80 1 71 32 66 46 77 8 91 49 33 93 53 31 96 6 77 24 55 75 30 32 49 10 44 82 58 40 67 84 84 23 21 52 62 55 10 14 81 23 76 66 29 81 23 58 49 21 21 99 84 61 11 14 94 81 65 8 66 75 28 59 41 8 54 86 75 11 0 77 21 64 2 20 81 62 50 77 55 27 24 9 54 77 29 3 32 55 48 96 71 23 68 65 92 9 36 35 68 37 89 43 40 91 17 29 30 28 95 81 79 98 83 4 9 3 72 34 36 16 5 65 57 0 23 22 27 59 35 55 20 57 76 91 4 14 48 2 41 7 7 29 22 8 27 20 98 92 96 37 65 28 70 61 21 38 93 0 61 78 71 69 49 4 87 34 35 55 1 97 65 51 99 52 67 40 64 84 66 40 37 20 46 3 28 89 4 75 66 31 63 61 75 72 72 17 34 51 7 66 38 49 77 0 26 20 65 85 28 66 2 20 32 70 15 93 68 35 34 52 88 4 72 70 24 91 59 94 59 28 50 10 13 98 87 93 78 49 43 11 29 99 21 65 79 16 36 22 52 78 97 16 95 84 38 44 39 99 23 89 19 28 88 88 26 20 8 11 59 92 87 79 15 0 27 27 69 52 37 55 93 9 7 27 74 64 68 55 48 52 17 42 54 33 96 32 72 3 57 17 33 53 76 35 74 38 91 49 92 63 39 35 28 99 37 89 25 13 69 88 78 97 74 42 16 6 53 58 42 78 61 28 45 11 74 39 32 48 85 95 62 47 43 9 90 98 98 85 17 73 81 33 95 30 18 7 54 84 91 20 91 80 39 27 29 49 78 80 17 94 23 41 56 86 99 46 55 50 77 23 13 14 55 34 80 99 52 7 27 5 35 54 60 18 41 91 75 23 35 47 16 68 81 94 97 32 76 14 79 71 75 65 97 65 3 0 37 14 2 70 49 0 10 29 50 17 64 94 45 74 86 55 74 36 52 72 0 84 55 36 75 60 69 29 
500
61 36 36 1 15 82 98 91 16 68 70 98 88 20 62 72 85 55 95 91 13 54 30 79 44 97 24 91 55 63 19 8 97 1 98 70 42 2 89 84 88 13 70 54 75 31 84 1 75 28 64 29 16 87 6 57 82 38 36 33 38 85 62 32 63 28 60 21 49 75 19 90 15 48 26 15 82 95 50 96 47 24 14 91 75 67 9 51 64 14 94 37 58 17 57 39 18 9 70 21 57 40 87 97 20 13 26 88 22 44 97 56 8 1 17 45 27 67 13 25 55 75 64 68 25 25 76 31 29 12 42 3 11 63 15 28 37 36 70 22 16 58 43 69 80 48 48 93 83 88 94 78 30 39 95 94 35 32 18 70 14 62 65 73 95 17 23 69 89 82 2 9 29 83 59 29 82 42 47 2 99 89 51 52 77 40 73 82 58 45 74 55 91 60 44 83 74 97 27 69 31 72 23 30 12 67 4 51 52 34 79 45 14 50 4 22 44 37 13 18 98 83 39 13 41 13 41 9 45 60 70 40 79 11 73 21 13 30 13 24 40 20 60 40 51 58 27 70 48 89 69 74 61 82 39 85 6 15 84 99 75 94 9 66 40 17 14 70 46 95 67 29 74 40 95 63 84 42 35 54 1 33 13 60 29 20 51 35 0 2 45 0 21 52 23 6 23 11 80 63 12 37 98 27 4 35 79 99 57 62 34 4 64 72 58 4 81 2 88 84 62 1 40 72 88 61 73 17 13 58 4 75 61 91 91 15 77 58 22 17 33 43 83 38 76 62 59 11 33 95 16 83 88 85 14 27 65 25 38 46 97 20 62 9 18 43 68 19 79 40 13 60 80 99 54 36 67 26 80 30 23 29 76 5 71 74 98 36 94 20 42 75 11 67 97 7 57 63 77 26 0 63 50 35 98 91 37 85 14 69 71 28 73 17 57 27 39 86 87 94 62 52 11 93 36 61 87 41 86 67 24 88 70 6 79 2 81 65 18 7 61 83 36 93 59 21 5 87 12 5 64 96 36 46 1 75 77 10 59 92 1 45 0 99 61 93 57 39 25 13 95 96 45 90 59 90 0 63 1 90 66 78 58 73 35 4 39 66 79 63 90 80 20 99 10 16 56 38 88 44 
500
2 71 58 88 34 31 68 48 76 92 53 30 10 27 65 99 89 3 60 11 81 24 20 56 6 26 5 4 44 86 95 91 61 49 99 73 61 82 79 35 3 12 63 14 79 68 78 66 47 91 65 90 95 92 13 86 10 67 3 48 32 89 77 87 26 94 32 27 71 35 76 30 33 15 39 36 73 84 17 95 24 28 39 73 80 70 44 92 73 90 77 3 0 69 12 70 94 25 89 26 8 23 71 40 48 70 63 75 80 92 78 42 47 55 2 46 69 6 40 88 0 2 13 44 0 60 93 28 16 15 54 11 55 23 7 42 36 28 76 21 17 67 62 17 55 97 31 60 20 46 60 39 88 15 47 34 36 81 96 76 77 69 87 15 34 63 47 74 64 41 41 73 29 86 10 54 0 58 7 69 70 88 86 40 39 71 59 97 60 13 81 98 2 58 7 68 91 27 60 68 42 24 33 54 54 21 8 16 42 53 68 42 75 73 45 77 60 28 65 90 71 95 50 29 37 24 61 30 21 58 91 34 68 50 32 7 90 75 80 93 87 66 24 63 83 0 36 17 76 45 8 31 9 51 49 95 32 71 3 99 65 42 27 73 65 13 24 24 54 49 86 50 68 71 71 32 46 92 12 2 38 35 22 13 95 76 40 38 50 33 52 20 49 73 28 73 98 68 53 80 82 81 14 92 51 28 85 43 49 46 88 64 80 41 91 1 97 11 57 79 33 89 39 41 65 48 76 7 86 7 9 38 82 21 53 11 78 59 57 78 23 88 3 19 19 12 27 98 17 34 18 62 40 59 56 57 79 16 19 96 95 8 34 14 4 25 16 58 76 50 20 85 84 18 76 28 49 17 3 27 49 96 22 49 33 3 54 91 58 7 88 37 9 29 80 71 23 22 68 63 31 53 47 25 76 33 43 36 14 65 4 92 60 78 62 87 99 46 67 68 67 94 33 12 40 73 79 84 61 67 15 16 23 17 89 40 42 46 83 33 52 15 18 39 23 38 20 76 44 67 3 87 73 35 94 71 79 25 71 98 39 58 67 28 1 22 52 4 55 72 92 39 51 10 38 48 85 19 46 19 64 40 28 84 92 66 20 58 72 62 13 89 4 28 9 3 61 91 12 71 
500
78 33 6 48 72 5 76 99 83 21 52 32 64 44 21 98 77 28 14 25 25 75 91 17 88 87 58 5 2 1 24 83 25 29 50 5 0 43 20 39 6 83 55 64 92 20 21 6 27 1 54 57 94 83 88 61 29 66 88 20 12 53 17 0 8 17 85 34 74 18 68 95 9 1 45 69 98 41 48 82 91 13 53 27 82 44 55 32 44 82 5 80 13 58 92 15 59 90 10 36 70 55 17 78 65 33 19 38 39 75 43 65 88 12 96 27 23 61 5 36 93 15 60 49 8 14 40 29 78 15 17 97 41 31 67 3 21 28 74 76 66 20 38 10 55 84 68 23 43 4 50 5 76 3 6 61 78 63 75 90 15 93 74 60 11 6 44 35 58 57 81 47 12 16 15 58 3 23 97 75 84 16 53 97 59 20 52 92 30 80 82 31 88 75 9 53 28 0 9 62 95 3 16 78 30 34 42 17 24 44 69 45 96 98 39 95 57 49 75 78 49 56 87 68 22 44 17 71 55 72 98 95 51 99 46 16 0 97 35 76 83 86 66 70 90 78 53 45 86 87 34 52 34 75 34 45 63 62 57 13 69 10 34 51 57 5 72 73 75 36 14 57 68 39 93 37 88 83 96 67 1 56 71 74 78 50 38 94 50 67 33 13 16 79 84 9 63 70 41 80 2 95 69 90 52 78 31 24 22 49 27 58 94 50 13 26 35 15 32 96 66 9 43 27 50 48 57 26 0 52 53 44 36 81 11 92 0 14 38 73 39 1 15 54 42 13 32 64 51 69 85 57 71 49 87 56 18 97 95 82 16 16 40 58 24 35 11 26 72 27 2 28 33 79 86 26 36 55 17 92 95 99 97 28 62 47 75 8 98 15 35 55 61 17 55 74 39 80 73 17 61 71 57 57 80 81 65 58 55 26 44 23 74 79 95 62 2 93 43 22 8 16 15 86 61 42 93 93 14 79 73 2 5 64 34 85 76 54 92 90 11 87 56 98 98 91 87 23 60 54 8 79 55 70 20 72 19 49 56 30 73 84 22 46 79 63 58 43 78 96 64 56 10 52 80 3 19 22 30 80 71 34 26 50 96 28 24 58 81 21 67 20 99 84 20 70 37 67 54 66 
500
35 63 60 82 11 13 19 18 83 38 33 29 49 22 59 99 84 95 63 3 3 6 7 30 82 59 36 65 49 66 15 66 18 5 9 94 99 95 47 85 93 91 0 12 97 84 43 77 8 62 84 25 29 71 50 71 86 74 21 51 85 70 36 52 5 98 13 74 83 42 23 72 52 39 3 51 2 87 63 33 17 79 51 67 4 32 34 18 69 57 88 10 73 76 30 65 2 91 27 46 59 56 78 92 9 20 58 6 68 8 56 3 90 18 19 18 81 2 86 62 43 75 59 50 70 95 60 74 44 54 84 39 91 58 87 49 17 79 45 65 48 80 3 50 8 88 17 44 3 7 35 38 10 9 42 92 96 73 21 77 97 11 64 84 53 25 63 53 97 59 98 81 55 25 90 96 20 53 5 33 65 24 15 66 18 61 30 18 36 87 84 29 18 25 42 65 5 1 72 52 42 65 83 90 95 0 58 81 73 50 14 57 48 50 9 18 28 82 73 73 43 0 20 9 22 0 82 20 89 94 28 66 38 33 54 41 52 86 99 95 64 78 33 63 34 41 50 67 11 89 17 29 23 61 64 61 56 45 72 24 41 92 58 48 25 78 29 48 16 32 14 46 68 14 28 62 82 80 11 56 84 10 16 63 3 70 64 26 16 36 63 85 26 5 41 26 85 67 66 11 63 21 47 15 8 66 41 56 22 64 5 97 74 13 1 93 73 96 55 40 57 2 65 34 56 31 47 93 2 28 16 62 46 66 62 21 45 63 88 58 2 94 67 81 48 63 11 45 58 65 94 57 73 3 93 47 87 51 38 71 56 81 38 73 48 12 43 95 30 46 16 78 64 80 14 36 38 60 23 1 61 33 3 88 72 14 70 80 53 89 6 74 92 87 41 57 96 48 29 89 70 90 99 26 0 25 50 27 29 32 47 86 23 91 25 56 77 88 45 7 58 4 41 56 78 50 88 22 92 30 85 23 60 86 26 51 33 13 57 15 71 55 12 13 66 44 47 59 69 10 73 89 85 39 46 36 3 86 87 30 66 37 95 44 52 20 55 70 30 38 15 98 24 46 31 86 46 79 22 68 20 53 25 46 14 39 13 80 82 85 63 50 32 44 1 30 55 73 39 57 
500
65 8 90 36 99 61 82 92 73 21 14 96 62 69 47 52 31 8 23 90 3 25 51 38 30 59 98 5 96 35 18 93 50 76 12 21 56 78 85 98 77 89 82 15 96 86 82 87 78 34 35 19 76 82 94 24 52 72 51 25 85 56 69 47 73 78 5 61 17 62 74 44 10 20 74 77 57 25 57 87 99 51 48 10 49 72 58 66 53 46 81 16 78 40 5 73 87 95 28 47 11 60 50 86 76 75 23 95 74 51 78 30 50 75 44 18 64 1 25 98 42 86 71 67 67 9 6 77 96 20 89 48 27 17 23 36 24 5 6 77 58 61 72 3 5 50 76 22 9 79 23 57 0 86 58 75 94 91 20 70 82 96 63 65 12 74 42 83 25 15 73 62 78 79 37 92 3 26 6 25 83 40 75 65 91 35 33 75 86 44 62 57 87 88 6 13 96 55 4 42 52 9 22 50 13 44 22 27 83 47 53 27 69 12 52 98 99 30 88 89 50 99 86 10 9 93 60 2 11 60 0 14 12 95 3 8 34 18 1 90 14 35 0 78 3 49 97 6 72 30 22 92 45 32 30 24 87 73 56 78 53 1 63 77 5 60 15 46 43 22 10 64 88 3 92 54 24 68 46 49 94 51 53 87 3 38 73 81 84 93 41 36 34 30 60 77 70 41 49 68 93 60 44 53 59 88 87 5 16 67 28 85 66 88 48 62 57 9 9 55 99 5 11 15 78 49 34 4 28 58 97 81 70 32 79 50 84 92 56 82 66 30 38 50 12 85 80 52 62 43 60 30 48 10 91 21 86 73 88 26 20 41 66 54 88 18 23 32 36 75 52 10 63 8 70 80 28 75 36 43 94 41 50 70 61 50 74 39 83 15 30 30 78 68 86 74 94 36 42 36 32 57 6 9 15 44 73 14 6 98 48 75 68 29 26 42 28 71 27 57 14 55 82 79 69 12 39 74 42 78 59 82 21 63 11 67 54 79 59 9 45 47 8 23 9 22 83 10 93 48 35 2 83 29 16 67 67 28 98 84 11 93 26 17 15 80 59 91 61 0 99 38 84 0 27 82 81 61 34 89 54 32 58 93 26 48 90 70 40 56 58 90 94 79 53 86 32 78 3 41 
500
32 70 56 84 77 76 69 93 35 65 78 27 95 16 68 45 40 39 65 75 10 86 97 80 97 13 92 2 49 30 11 77 66 69 35 28 10 80 93 52 77 88 6 12 54 93 69 75 96 75 1 67 10 91 84 9 17 91 1 38 96 38 48 67 88 58 10 58 25 11 94 19 9 75 48 17 8 75 82 18 92 91 17 35 69 0 60 33 36 27 0 49 29 56 7 24 95 32 70 20 38 56 74 45 94 93 63 76 62 62 42 14 68 9 77 98 32 96 92 48 66 93 88 95 79 53 62 63 43 51 32 93 70 22 20 97 6 10 27 0 0 70 19 12 72 44 45 98 99 41 90 18 74 20 76 30 40 17 53 36 67 34 12 35 16 30 78 57 2 21 6 70 3 84 1 58 86 49 7 43 14 27 46 89 65 21 73 69 14 64 69 38 44 46 57 44 59 23 95 52 30 0 19 8 49 30 95 77 49 22 58 34 25 88 90 46 30 71 38 12 39 36 43 13 97 3 26 42 1 20 16 91 35 43 42 48 79 70 23 85 80 69 25 33 17 85 45 12 4 48 54 41 55 39 85 43 87 42 15 32 87 82 94 11 6 35 94 13 33 88 33 74 20 7 87 36 46 87 64 97 13 29 46 3 44 78 81 19 83 63 89 69 99 18 6 65 16 86 50 9 6 93 21 87 29 23 32 56 46 9 38 64 40 59 10 62 4 93 17 38 6 51 11 70 80 50 1 12 77 97 98 75 77 50 39 99 91 4 25 51 91 27 61 71 13 1 50 59 62 44 22 84 73 64 58 59 26 35 56 90 22 83 96 74 34 23 51 11 15 34 99 34 37 74 26 57 29 42 58 52 33 30 65 58 81 33 64 0 41 37 51 49 39 61 70 97 39 44 51 30 99 26 43 67 93 57 84 76 20 97 37 83 98 96 6 68 21 73 20 14 30 56 16 95 41 90 39 19 73 4 32 12 69 11 14 60 90 21 74 80 25 61 46 64 22 37 50 7 94 76 49 34 36 42 24 8 81 66 96 40 37 6 58 22 61 48 25 32 26 74 11 42 99 42 54 5 64 45 2 53 17 62 25 53 65 34 22 9 30 14 48 7 67 54 36 59 32 25 85 98 
500
41 74 5 93 25 96 71 59 34 63 15 63 36 94 39 83 75 89 48 31 84 45 87 79 60 79 11 74 33 66 34 22 53 71 5 53 29 17 50 88 99 4 67 72 82 47 95 30 38 92 12 0 92 83 98 32 32 75 51 0 5 11 35 71 8 55 34 92 29 38 76 54 39 79 14 96 45 24 69 60 76 86 69 65 36 73 55 11 83 35 33 42 17 58 4 0 0 15 6 80 6 29 90 39 43 38 78 99 41 5 98 3 25 0 43 6 43 55 44 39 39 43 24 92 3 25 7 24 53 73 76 91 19 39 85 71 51 0 41 23 51 77 17 79 13 92 32 50 45 8 89 79 47 24 22 35 65 13 52 46 89 68 35 91 34 30 89 45 37 84 44 73 20 50 57 84 69 64 65 16 39 4 22 56 98 52 78 86 96 85 35 25 83 0 73 23 97 7 8 71 99 51 45 66 57 67 6 21 93 58 9 66 68 70 59 5 35 32 78 80 29 4 69 68 33 89 78 1 12 3 1 75 56 96 79 56 40 27 18 45 74 80 64 62 38 51 87 95 3 34 13 44 92 6 74 39 69 6 78 25 71 84 46 76 67 46 98 81 18 77 78 55 99 34 12 62 14 86 44 43 10 83 20 92 63 59 48 25 59 6 28 68 85 86 27 71 92 15 56 76 20 1 26 70 82 59 44 20 0 83 95 65 1 52 58 69 71 13 32 0 75 87 8 9 62 3 15 11 60 65 10 74 0 78 21 53 44 34 1 67 27 64 35 25 55 40 15 75 40 54 39 9 82 13 71 73 35 66 28 95 2 18 60 40 31 29 12 3 92 37 94 18 19 56 50 83 7 54 57 86 67 4 17 69 64 14 50 29 62 91 81 13 84 76 63 99 62 69 70 35 82 74 6 16 30 81 23 5 97 98 17 65 84 19 81 36 49 92 22 31 20 57 71 36 44 53 20 95 14 28 74 88 97 90 13 91 23 14 0 91 1 25 82 57 66 54 62 39 88 88 77 37 37 41 51 42 39 68 42 75 59 76 70 25 23 66 11 16 71 31 68 93 16 56 65 1 21 80 69 17 3 44 65 25 6 95 63 46 74 70 18 20 47 23 20 73 20 7 19 31 
500
60 40 94 13 94 34 75 37 96 52 3 12 26 77 38 59 54 68 29 15 24 18 23 90 90 15 23 39 13 65 58 76 33 76 14 8 97 77 56 32 75 22 31 63 91 49 56 98 10 72 59 29 56 85 67 74 72 70 74 11 12 38 78 66 14 55 51 74 43 46 20 89 80 20 18 2 58 50 70 56 8 92 29 4 4 98 85 94 1 54 56 26 21 61 21 91 56 39 28 42 80 49 58 41 67 25 37 38 50 66 94 59 69 9 77 80 61 77 12 67 48 79 19 45 20 24 99 72 90 62 44 57 95 17 48 85 10 20 99 10 8 52 86 51 0 78 76 80 64 27 89 29 14 13 87 41 69 63 35 7 77 19 2 79 0 70 67 30 67 35 54 7 49 39 14 62 29 73 43 97 34 58 77 23 77 50 36 43 80 73 23 64 52 84 90 28 35 7 83 65 30 99 97 26 60 41 27 90 86 39 28 70 34 92 61 83 76 13 28 37 67 25 76 99 42 34 73 61 74 94 1 90 96 83 19 49 84 95 72 53 35 67 68 89 15 0 56 18 89 21 61 24 76 82 55 49 71 86 75 1 66 34 3 41 40 8 78 81 14 14 59 57 70 78 73 75 20 95 70 93 49 87 79 68 65 40 41 31 12 65 63 78 46 95 12 42 70 92 76 63 8 96 43 82 2 6 83 89 31 8 48 11 40 64 86 30 34 13 3 96 47 12 58 82 28 53 89 4 54 7 50 79 61 66 44 45 62 20 97 51 37 65 10 24 96 86 43 68 36 93 84 56 99 2 5 42 0 75 73 29 66 31 63 45 73 79 87 67 45 37 49 32 67 67 96 79 77 33 64 94 92 59 65 9 63 89 58 76 38 3 94 87 2 79 9 73 58 87 91 73 11 38 91 89 86 97 21 32 34 79 28 1 61 21 70 3 40 15 48 62 65 49 11 95 50 20 26 15 83 16 5 15 37 95 93 26 34 60 86 35 98 2 1 73 89 12 41 45 69 99 88 60 41 14 51 82 6 55 22 46 81 34 8 11 89 60 84 33 74 21 41 39 19 96 24 55 5 97 85 97 40 92 56 66 97 73 71 67 45 38 12 19 39 44 37 81 19 22 95 15 
500
12 81 19 72 42 92 77 87 10 41 28 54 59 75 26 21 89 27 63 18 12 59 69 82 46 3 3 30 23 77 73 73 69 62 66 25 97 81 86 95 51 6 7 74 70 39 52 2 34 39 22 45 0 92 46 31 28 99 49 46 55 30 44 59 22 4 2 94 8 90 5 87 56 45 93 29 13 70 75 98 35 92 81 13 19 84 29 42 39 52 47 37 18 32 41 39 95 37 27 94 34 76 88 63 47 62 33 71 66 39 61 56 78 39 42 84 22 70 80 84 30 62 29 46 10 97 91 65 4 69 74 49 62 28 90 61 71 90 31 74 37 49 86 13 90 98 10 13 56 38 13 66 75 52 87 64 29 49 53 28 43 89 91 54 52 25 69 38 87 39 78 77 55 40 54 79 55 72 89 83 88 21 97 44 61 36 99 24 57 87 77 27 37 51 63 78 78 51 26 26 50 50 52 45 48 24 4 59 85 12 61 72 68 45 57 57 62 91 28 8 0 60 48 66 38 75 63 5 19 44 81 61 79 35 61 66 89 71 36 12 56 55 43 65 61 21 23 82 41 36 0 41 59 39 39 86 61 88 45 17 38 9 80 11 61 61 67 41 57 84 78 60 56 46 67 12 26 48 50 13 79 7 4 61 12 35 67 34 84 62 29 30 48 16 84 36 6 95 58 65 93 87 14 30 57 21 73 87 87 1 63 64 62 82 92 34 49 33 73 20 80 25 34 73 13 97 60 63 41 54 64 1 56 43 71 77 68 12 64 9 13 21 45 53 59 21 60 25 87 11 46 5 94 98 10 3 78 47 51 61 5 43 52 33 29 37 70 54 82 92 15 91 24 33 67 73 30 77 66 53 86 64 39 45 35 28 18 91 57 90 58 64 59 27 26 79 21 1 55 88 28 52 3 82 43 4 70 23 76 41 18 6 53 18 10 6 86 9 4 10 92 38 22 41 15 64 22 64 80 86 12 5 92 45 73 6 26 39 95 77 61 70 77 60 47 69 84 77 5 7 40 77 75 63 62 62 49 77 59 72 70 56 66 89 49 46 91 69 25 23 66 3 93 60 28 85 10 86 6 46 31 74 92 60 36 98 43 96 28 57 95 29 21 30 31 73 98 4 2 5 
500
37 37 53 5 82 87 6 43 24 62 44 18 91 95 22 85 22 83 24 98 60 30 79 72 92 27 83 97 36 43 71 81 79 13 76 1 17 63 2 68 33 9 69 30 80 92 89 87 51 53 15 11 66 51 0 12 28 90 56 2 79 38 72 2 73 41 35 92 86 16 45 11 34 36 78 45 39 90 70 41 36 43 49 54 73 84 25 58 39 5 6 30 18 26 57 68 48 87 56 31 35 41 98 22 37 38 69 42 91 71 39 44 46 20 8 28 31 40 58 13 54 44 86 47 32 9 86 77 95 33 88 45 3 13 91 25 99 32 61 68 22 41 29 19 6 11 17 72 60 3 9 62 37 16 0 44 56 41 70 8 58 13 29 7 77 4 58 93 91 4 27 77 9 82 8 66 77 8 89 44 45 48 8 19 98 64 70 12 75 40 67 48 6 47 93 97 69 97 14 87 85 9 86 14 51 95 70 52 28 95 52 99 4 9 95 13 6 22 54 78 83 33 53 9 88 73 91 67 98 30 13 58 64 11 24 19 11 67 48 52 95 5 26 68 37 93 50 14 3 92 84 50 2 54 16 59 14 68 73 77 2 11 96 63 76 0 98 41 59 73 49 10 78 54 88 55 2 7 66 52 30 76 49 23 79 48 30 32 8 54 5 63 54 65 90 63 82 98 52 85 64 61 18 29 25 88 65 93 32 1 10 99 66 50 57 18 78 36 78 4 33 15 93 60 47 66 26 44 86 64 80 80 45 41 26 37 98 94 73 26 2 55 31 2 63 82 61 19 93 79 91 21 29 12 67 14 52 99 39 67 10 72 0 50 45 55 47 18 62 50 80 38 11 86 2 83 87 31 86 54 77 95 90 67 24 58 50 60 92 78 18 76 80 33 11 19 93 40 95 48 85 39 93 32 34 97 70 16 15 3 87 72 44 97 32 77 60 4 95 52 96 4 11 31 11 0 88 72 76 25 90 16 30 23 29 49 89 53 98 48 24 27 0 55 63 26 0 45 38 63 37 13 22 66 40 73 22 39 23 15 41 26 6 70 46 45 13 58 21 66 64 71 33 21 26 29 47 51 98 92 74 77 41 44 3 3 49 5 43 29 10 97 28 3 49 31 5 71 75 49 
500
88 63 73 22 34 24 4 88 34 63 80 13 21 29 67 0 53 99 34 40 85 66 69 40 92 38 60 15 94 54 21 7 84 65 67 57 96 57 40 39 82 15 84 0 0 2 43 26 84 87 9 60 11 31 48 84 28 86 86 87 46 32 47 0 77 57 96 87 8 46 99 32 8 3 63 31 73 13 55 51 77 45 49 1 24 89 92 75 96 99 91 9 44 59 0 8 88 84 62 11 65 56 50 44 57 25 63 75 97 78 34 89 71 94 21 15 51 77 18 88 36 11 7 45 10 58 43 67 85 79 28 75 25 76 7 60 79 72 71 45 76 60 73 50 98 3 10 30 8 37 76 99 36 47 83 52 90 23 94 43 83 79 43 51 91 33 20 73 72 43 53 73 21 63 98 96 99 17 98 50 26 71 9 9 94 38 17 40 34 1 10 71 0 12 60 75 40 66 61 60 31 59 23 53 12 57 51 1 38 23 54 0 23 0 21 48 64 65 96 3 10 0 92 90 5 93 3 86 26 50 56 75 0 70 49 51 51 73 31 83 4 77 46 18 95 41 82 79 27 92 38 61 4 86 68 46 0 69 18 48 0 0 87 20 43 31 30 62 3 47 57 67 40 95 79 89 18 74 84 44 46 1 14 48 34 56 11 97 97 97 20 12 69 38 14 65 49 5 94 4 31 46 37 71 11 85 93 63 63 3 77 33 33 20 25 62 54 12 50 85 77 84 98 31 49 44 36 14 19 84 77 64 47 34 21 10 99 92 56 94 11 60 37 49 59 93 14 91 89 90 7 86 10 51 62 2 67 18 38 8 10 18 97 46 16 57 65 40 98 88 6 33 85 25 1 49 19 76 88 89 15 3 66 20 22 17 79 3 60 55 48 29 78 79 15 84 40 56 99 74 15 44 55 69 54 21 58 74 99 2 22 1 66 44 44 69 78 55 66 36 38 99 31 75 74 14 91 71 20 8 80 56 87 44 14 62 42 32 73 8 19 77 74 49 67 71 49 46 37 87 86 10 71 70 41 88 32 10 65 56 27 92 54 30 96 30 27 40 84 67 45 54 76 29 27 82 98 96 0 17 85 20 4 24 37 63 22 70 28 81 95 59 55 75 68 40 69 89 4 12 
500
25 31 44 94 65 33 2 9 1 19 66 19 70 73 51 45 80 52 46 60 71 47 73 84 21 83 20 72 62 69 14 99 23 64 2 34 22 63 22 80 51 85 22 0 25 75 55 56 93 82 32 44 18 97 23 33 82 80 0 31 28 31 17 10 5 21 54 43 52 74 81 70 91 17 54 75 55 12 45 73 26 32 69 43 81 98 31 28 79 75 19 35 72 33 41 38 41 32 41 18 95 90 42 59 79 67 95 62 16 25 61 17 31 42 78 40 96 88 47 34 98 50 40 89 49 98 31 59 34 72 81 79 61 8 57 50 51 42 9 48 10 50 78 80 65 52 17 6 73 40 34 82 27 75 92 64 16 83 38 42 94 96 25 87 45 57 13 10 17 91 56 1 23 36 95 30 86 49 5 99 86 36 46 57 55 58 37 37 98 5 89 36 75 26 56 27 3 76 96 6 92 10 90 29 70 77 39 26 68 40 9 78 97 27 46 1 63 90 49 88 95 57 53 93 79 53 60 44 40 10 12 32 68 3 57 97 82 42 36 10 88 2 97 29 52 70 74 40 11 57 37 0 74 30 63 27 2 23 74 87 72 5 98 36 40 57 90 45 18 60 64 24 49 95 65 98 44 55 49 17 85 37 19 0 63 54 97 0 50 32 24 36 27 45 80 59 26 56 34 80 62 86 94 96 20 61 2 26 53 68 97 84 49 41 14 6 85 77 69 2 98 99 79 48 54 30 69 51 43 52 22 21 96 42 26 91 51 66 78 98 59 93 25 43 25 93 18 65 62 84 97 98 39 92 43 37 69 97 59 78 35 36 74 8 80 86 41 92 42 21 21 1 34 83 43 70 20 86 78 86 63 37 92 19 49 24 53 51 77 49 7 54 59 83 83 32 38 6 22 11 84 44 79 4 77 43 33 91 96 98 55 64 99 6 71 7 37 5 95 80 0 75 27 75 48 49 73 76 48 19 55 58 13 70 58 99 27 63 88 34 80 80 38 74 61 79 12 79 24 91 42 76 6 10 24 99 99 81 43 84 22 42 32 88 57 41 68 66 2 5 42 60 12 36 13 97 71 44 2 97 99 79 66 79 40 73 47 0 63 84 63 58 45 98 73 73 90 29 0 65 
500
17 6 98 44 83 82 77 81 87 81 92 30 34 53 35 7 57 22 25 28 48 23 65 85 4 47 31 87 20 65 70 40 3 8 14 52 49 28 61 25 76 1 94 76 79 56 53 23 10 83 38 59 91 67 47 81 12 70 61 87 60 92 72 13 67 61 71 1 7 48 20 4 99 22 85 71 70 81 24 49 57 44 16 97 67 89 72 40 70 41 52 90 64 18 55 91 98 52 12 59 53 35 47 22 86 24 13 7 56 87 74 91 60 0 12 80 22 26 94 80 66 78 93 47 39 5 32 62 63 41 46 19 28 80 69 15 85 95 1 20 49 52 34 27 15 39 12 97 53 8 72 97 68 15 88 36 69 13 85 26 94 66 19 29 39 54 45 49 93 17 23 68 44 57 47 97 88 57 83 59 35 76 98 98 10 20 10 79 19 17 8 76 70 84 28 45 43 23 22 95 53 95 84 93 98 12 84 4 95 2 36 95 52 98 98 89 2 88 27 7 65 39 20 2 74 0 36 50 12 59 84 37 51 15 6 32 58 54 47 59 79 59 91 82 95 82 65 75 57 34 95 6 13 14 37 67 76 63 10 39 7 13 46 43 38 53 78 65 30 7 18 77 42 54 96 97 25 57 60 12 24 25 68 89 21 42 53 89 99 53 86 32 79 89 88 97 26 28 26 16 86 68 97 85 71 99 28 90 77 9 41 19 79 31 59 46 19 81 50 44 19 25 96 59 5 13 69 80 72 25 1 60 44 58 37 85 67 61 20 25 80 40 83 20 85 61 64 18 6 22 23 8 51 98 97 75 2 17 12 74 89 57 5 54 20 18 80 52 35 1 43 16 41 59 95 9 48 16 39 3 35 74 3 89 63 60 17 59 21 22 64 5 42 15 53 90 17 35 55 90 64 69 44 52 13 91 59 43 36 2 30 7 80 87 64 31 29 14 2 33 2 2 93 92 74 84 15 7 55 52 88 44 73 41 31 98 55 8 17 73 27 49 28 63 76 5 41 12 68 43 98 34 53 59 64 75 47 51 68 61 63 99 83 54 6 22 19 61 1 29 21 49 46 10 63 83 6 57 5 20 50 5 83 47 27 61 66 69 21 84 97 68 52 16 47 94 83 28 37 57 
500
80 28 62 27 15 3 8 65 81 26 79 62 45 49 96 50 3 46 54 31 18 74 46 6 79 24 56 34 15 18 62 16 43 96 61 25 52 61 53 16 14 49 6 67 74 54 15 14 37 37 9 12 50 14 28 72 8 46 64 27 92 79 82 15 28 12 27 86 51 0 48 58 0 98 17 22 56 78 90 43 8 68 78 71 42 53 94 81 37 17 30 43 26 27 55 0 69 81 83 83 10 53 49 31 80 44 32 13 72 25 93 65 92 30 53 11 63 71 92 38 50 65 90 77 71 17 67 94 66 5 84 89 50 69 89 0 30 90 91 49 91 62 84 82 7 58 15 80 20 92 74 76 93 98 63 26 35 65 41 15 12 49 52 12 98 8 97 51 25 28 79 8 6 81 9 60 48 71 78 90 48 64 27 83 23 2 36 6 1 83 24 18 75 72 95 24 14 30 63 67 34 85 31 23 47 94 3 36 32 92 18 6 7 55 80 6 11 91 7 9 22 71 71 62 85 67 81 20 84 28 66 77 44 65 93 37 96 20 23 18 28 91 95 53 94 9 50 48 89 9 96 58 75 51 26 34 79 81 1 46 95 11 62 54 39 84 51 43 98 65 4 85 45 36 75 7 2 56 28 4 55 1 33 66 44 27 27 66 85 11 88 40 66 97 23 42 85 74 71 79 25 76 77 8 16 35 1 22 82 27 77 94 92 78 94 95 7 15 51 20 10 61 11 81 51 61 7 54 56 69 88 89 65 93 13 93 0 38 57 34 57 46 14 97 17 31 98 47 35 24 12 98 56 6 52 66 65 20 65 16 17 83 30 76 3 92 55 82 37 79 40 64 12 28 4 98 44 46 17 34 68 3 11 67 74 6 1 86 90 43 85 26 97 50 57 45 74 88 22 18 27 48 92 14 66 14 18 18 63 34 94 14 6 87 64 20 66 42 2 29 51 32 55 69 90 33 89 90 42 64 60 67 47 67 87 15 14 80 94 83 40 56 69 24 42 57 47 90 10 81 98 93 96 67 75 28 20 45 95 20 7 35 10 31 32 75 46 10 42 4 49 40 65 32 21 50 87 48 63 98 82 41 3 20 78 97 43 0 16 12 30 60 67 13 76 22 51 72 76 87 
500
75 58 39 11 83 56 50 94 90 78 30 98 50 79 12 49 9 81 70 23 58 17 26 75 11 32 52 39 56 10 41 48 11 11 75 72 28 75 69 76 71 18 45 94 69 20 97 99 80 10 87 77 67 19 65 55 56 15 3 4 43 25 41 39 62 61 29 70 32 30 25 44 26 66 65 37 63 14 20 0 69 92 86 93 26 10 14 2 1 44 42 96 23 73 71 30 16 11 65 63 77 33 16 8 63 60 31 43 56 22 31 82 7 2 58 62 28 0 33 52 23 75 38 56 38 84 17 3 3 43 10 58 44 5 59 94 78 41 79 17 32 44 14 84 95 71 75 50 62 31 89 24 55 87 83 95 22 70 77 15 73 8 46 1 2 66 25 28 6 94 14 26 86 51 36 79 18 45 88 62 17 81 49 65 58 17 44 85 13 87 11 11 64 23 19 56 57 3 13 45 8 73 14 14 99 77 74 73 41 97 79 38 43 41 47 82 64 67 34 72 3 40 42 91 77 89 0 60 62 17 46 63 15 56 35 97 19 8 36 30 83 55 24 54 85 44 10 17 35 3 96 68 10 74 57 7 54 55 53 75 95 37 97 31 17 79 74 14 62 9 2 6 34 49 39 68 64 31 19 3 23 92 20 94 23 23 24 88 18 18 96 81 26 67 91 64 47 0 51 57 67 81 75 86 14 40 61 89 5 85 96 98 65 55 73 82 26 64 79 99 60 32 21 91 88 61 50 48 83 41 96 51 38 12 28 83 54 99 84 63 14 11 91 46 61 77 67 62 58 33 48 25 63 51 2 41 79 43 1 27 1 15 17 38 57 38 36 96 60 20 66 69 47 82 23 16 73 18 51 26 8 43 43 29 27 49 54 82 30 42 98 87 13 37 64 70 63 89 88 65 53 44 31 71 13 33 38 73 72 62 23 45 85 14 82 13 30 21 21 46 68 80 57 41 81 81 40 90 99 74 62 9 27 57 49 34 99 64 66 57 96 14 54 60 79 1 96 79 98 7 93 64 41 13 62 83 25 81 89 62 73 89 6 49 17 48 94 17 3 36 19 75 1 89 96 67 53 52 26 66 28 37 57 95 99 53 2 91 7 22 32 4 25 8 54 28 9 99 83 82 
500
13 53 83 98 16 20 29 6 61 77 36 99 72 82 54 77 76 12 37 12 83 25 12 97 73 46 62 37 67 73 26 53 11 15 11 70 89 29 65 20 64 26 96 73 63 48 90 54 53 12 7 77 3 61 93 19 75 47 74 29 85 75 68 41 62 70 42 60 15 73 72 78 37 85 35 66 78 51 70 55 76 23 58 4 21 12 4 48 35 40 94 19 18 12 73 97 33 4 56 69 93 89 9 93 70 39 62 13 20 81 47 71 77 68 75 72 29 21 30 80 3 98 54 49 71 86 72 86 31 6 41 10 26 51 62 73 90 19 27 10 14 1 83 28 91 63 65 28 48 94 79 61 17 71 8 90 45 89 75 10 98 10 91 7 47 32 37 93 38 53 26 58 55 78 42 8 96 0 77 8 88 31 30 18 0 15 74 90 41 1 91 31 7 30 48 1 32 0 91 88 99 44 16 18 74 45 41 31 29 3 12 64 1 50 58 22 89 69 59 41 76 74 46 93 0 34 19 1 13 85 15 1 79 73 69 43 66 36 9 80 73 62 80 98 14 95 91 11 0 97 78 69 55 66 88 95 92 90 8 80 10 34 41 4 70 99 29 42 58 0 65 73 71 54 76 27 58 53 16 11 71 28 81 82 7 47 60 24 81 3 13 64 56 95 41 36 46 85 59 0 61 14 24 88 33 22 87 95 87 99 56 74 2 28 91 12 90 90 20 5 78 56 25 96 21 34 12 75 75 19 82 12 96 82 10 43 89 25 37 19 33 37 77 41 42 4 67 85 72 47 6 31 72 57 61 6 26 21 14 54 89 75 95 64 6 1 1 2 86 81 69 39 30 77 86 69 21 35 6 37 35 64 13 76 0 91 58 70 4 79 22 96 16 62 22 62 7 44 23 37 95 31 76 35 43 54 34 47 31 14 37 78 92 0 18 94 19 5 68 96 22 63 76 34 70 90 6 62 44 92 13 20 91 3 24 33 69 45 0 79 58 20 20 29 2 76 64 43 46 94 30 14 52 40 42 20 14 1 12 63 4 15 26 80 62 18 98 39 0 39 66 37 76 79 84 98 54 95 40 98 75 41 28 53 74 29 71 17 58 69 32 72 81 28 62 59 56 71 75 42 
500
42 11 39 4 79 27 30 72 1 28 80 86 90 8 9 13 88 55 39 97 30 29 96 37 16 20 69 86 4 42 16 40 52 28 8 65 38 25 86 59 25 57 97 31 58 24 21 34 12 29 97 91 2 24 19 96 6 40 18 54 79 73 43 51 50 1 0 99 21 66 97 49 66 88 43 66 64 86 27 2 12 8 85 73 12 15 11 0 34 94 70 53 22 18 73 40 41 89 2 8 96 77 57 2 67 29 40 7 51 93 55 21 52 39 89 31 11 83 55 94 95 92 90 80 71 38 70 53 48 16 19 46 24 55 68 51 61 11 89 24 90 93 47 76 2 27 6 77 65 41 45 95 86 87 65 86 7 54 84 92 11 93 74 70 20 70 51 81 82 83 20 69 39 38 36 84 66 54 2 85 71 10 93 34 63 18 88 10 22 63 31 35 82 80 57 93 64 55 82 82 36 77 60 0 3 71 99 88 84 5 31 66 58 14 18 73 55 93 71 61 27 15 26 5 41 3 5 46 99 64 69 96 93 43 0 70 41 11 95 86 2 11 28 89 77 6 41 17 89 34 22 55 45 60 46 10 40 59 81 41 3 30 61 31 26 82 99 98 44 54 70 22 63 31 68 8 88 19 12 36 94 4 97 60 64 33 93 48 14 80 49 35 73 48 68 32 9 35 33 20 49 74 66 88 62 55 47 59 55 14 80 60 42 64 62 67 10 12 96 83 40 41 43 35 9 60 85 25 7 85 51 1 1 49 40 65 10 74 23 85 57 88 15 67 32 47 28 28 11 84 70 61 87 25 32 75 66 63 27 68 52 25 10 2 96 15 31 39 97 84 52 91 96 35 36 64 4 78 16 26 3 46 12 25 1 17 75 12 63 66 7 64 72 3 19 73 57 25 28 36 48 31 75 92 71 65 61 70 16 24 34 56 66 95 11 76 4 51 31 5 38 21 35 63 89 45 15 55 76 32 32 96 68 91 79 4 26 52 94 93 71 62 74 67 86 32 1 76 8 57 0 39 73 59 57 52 48 17 86 94 24 3 80 24 51 63 16 37 24 65 3 60 57 66 89 62 29 70 72 66 1 50 93 55 33 12 6 59 91 32 89 71 48 4 12 46 75 37 48 62 
500
37 12 24 1 36 55 16 49 11 42 44 53 81 68 33 58 63 1 6 38 5 49 87 69 86 75 52 26 0 13 23 59 40 44 51 36 95 17 3 72 50 17 26 3 86 9 93 33 17 63 31 57 46 53 95 35 24 47 8 6 43 13 47 11 62 89 11 54 48 72 97 99 79 85 53 66 56 80 64 48 17 96 63 77 20 86 67 87 98 94 66 87 46 62 2 79 52 88 27 97 41 92 98 83 69 1 91 90 60 20 17 17 15 23 14 37 12 3 51 17 37 83 64 27 78 68 76 10 93 38 84 68 8 22 53 42 91 81 39 30 73 44 98 67 90 16 48 80 16 59 24 63 18 87 87 29 57 33 58 97 77 53 3 0 67 67 90 32 84 92 14 23 13 35 77 2 1 57 22 77 62 47 57 3 4 28 32 88 82 41 95 84 89 93 57 50 34 43 99 36 75 84 74 78 97 79 39 68 46 78 54 40 14 23 4 74 24 13 62 60 3 41 24 50 35 93 67 78 99 99 56 55 86 56 35 45 15 77 83 87 2 17 34 21 45 84 29 52 53 20 32 88 95 13 92 83 42 48 39 14 67 37 94 53 53 41 59 52 98 67 26 53 74 28 56 83 49 29 40 72 11 48 46 30 75 25 35 97 97 3 53 51 76 59 68 78 70 49 35 69 53 31 19 7 24 92 33 26 63 25 2 7 30 90 91 67 38 11 5 15 3 33 26 73 93 39 56 4 10 98 4 11 72 84 71 84 46 5 76 4 47 58 92 24 69 38 23 1 78 36 49 67 95 88 84 94 33 56 34 64 26 44 37 57 82 0 22 19 2 14 0 32 65 24 55 6 21 72 15 12 46 68 20 71 13 60 79 48 48 59 64 26 43 3 53 14 47 62 99 59 60 83 24 29 46 25 71 4 83 5 49 97 44 28 20 76 14 4 14 24 87 59 47 10 43 99 5 63 81 37 72 57 55 12 68 17 85 41 11 85 11 93 45 70 81 84 37 67 64 90 22 27 39 56 49 32 59 58 52 65 53 9 44 79 24 2 6 27 91 11 97 11 46 95 7 70 48 22 23 83 63 48 80 83 0 24 99 41 35 62 65 32 11 90 15 51 27 89 22 32 
500
46 90 47 17 11 67 74 26 82 81 60 99 31 13 8 54 68 65 38 52 88 96 82 84 22 1 52 42 59 73 26 31 38 71 96 55 51 67 98 97 96 91 5 64 67 73 77 34 41 97 47 0 34 54 63 83 34 99 61 51 20 15 31 31 89 54 15 4 62 75 43 54 95 21 59 51 8 47 99 85 76 90 71 1 77 30 20 70 63 53 62 29 40 21 41 50 49 45 33 31 32 0 54 20 82 34 51 52 11 71 59 76 13 34 21 48 56 76 68 19 33 70 16 14 22 24 19 12 51 13 13 63 15 82 72 90 39 50 85 4 21 36 81 69 19 72 93 50 71 61 25 30 37 61 34 57 64 56 32 29 75 79 31 97 93 15 92 1 84 79 38 78 93 92 40 32 48 51 4 45 32 16 90 16 57 94 95 28 77 44 85 29 40 39 9 33 71 2 37 45 99 42 51 98 14 45 4 75 4 70 49 7 27 1 51 19 18 20 12 89 63 87 69 7 23 82 58 92 28 91 41 51 97 18 66 97 52 46 42 51 79 86 97 46 65 39 98 61 65 7 61 3 3 47 67 87 92 57 57 49 0 58 29 17 29 80 83 58 17 27 15 53 74 37 87 83 21 34 69 23 93 99 37 54 51 92 66 39 79 73 32 2 61 0 4 92 96 11 1 26 35 83 7 9 77 49 61 39 51 79 28 63 15 58 6 64 3 27 77 19 94 67 35 82 41 62 48 19 72 32 69 68 5 87 96 54 15 27 11 83 31 81 94 67 58 71 18 90 81 51 8 9 19 89 96 80 2 82 85 62 48 24 36 43 33 82 70 95 42 60 92 18 18 6 41 34 97 10 63 88 16 84 44 15 60 25 12 70 31 47 56 81 30 99 51 45 7 25 60 90 96 61 13 50 29 84 43 98 35 78 73 64 71 22 37 17 66 10 60 54 1 2 81 4 83 26 31 70 54 76 9 25 0 67 24 68 27 14 10 75 49 75 91 19 56 95 16 11 66 94 65 85 8 51 67 58 76 19 25 67 77 82 90 25 15 93 24 34 64 89 48 62 87 48 77 70 21 80 44 5 10 53 19 24 58 47 98 14 93 98 32 80 98 47 24 55 97 77 63 2 
500
24 34 9 24 20 6 49 66 55 87 27 71 71 81 60 60 94 37 91 73 21 68 97 99 87 0 20 85 97 11 59 74 48 13 23 55 23 60 18 33 42 72 93 88 56 18 99 31 97 56 81 28 44 49 13 22 4 52 79 45 69 99 13 27 51 19 83 91 95 36 61 15 2 22 97 37 70 56 48 57 16 81 95 5 55 38 6 98 95 98 25 75 88 6 48 12 75 5 48 36 3 66 35 7 64 41 29 20 39 33 66 27 51 92 97 9 12 12 94 43 24 4 28 95 82 14 92 10 11 56 9 87 20 31 15 95 57 24 35 21 87 26 55 25 65 36 97 71 56 8 74 78 58 12 40 23 24 42 40 87 69 38 6 68 34 85 88 54 0 56 24 20 87 36 44 56 18 48 22 47 50 62 71 92 12 85 95 39 11 67 83 16 80 35 19 95 94 32 82 77 87 85 22 0 75 99 20 27 64 75 85 96 48 48 18 75 4 6 79 56 70 89 59 73 60 82 60 10 38 3 31 74 25 89 51 78 99 17 42 50 57 88 11 80 13 40 90 36 15 34 68 11 87 27 75 2 20 30 8 92 46 31 27 34 78 83 4 27 90 18 58 48 5 76 70 88 43 99 37 84 26 63 81 5 9 62 3 49 66 41 99 83 36 63 25 69 84 49 32 26 99 35 69 43 24 23 77 12 32 70 19 40 55 52 62 4 70 85 72 8 62 5 57 19 57 92 54 91 13 24 81 51 23 43 79 35 64 57 83 35 9 49 73 58 38 99 64 66 1 42 59 42 14 72 87 41 97 43 42 11 8 62 71 75 52 96 42 61 18 25 68 53 12 24 66 0 60 89 19 91 88 61 38 77 41 34 45 74 55 31 78 72 41 76 73 28 59 74 34 84 59 77 92 58 72 93 44 14 71 76 36 21 68 22 37 99 6 14 81 33 60 14 35 46 47 33 72 19 40 65 92 34 36 55 25 74 10 80 69 27 47 19 85 24 3 10 36 30 95 46 49 12 70 27 79 59 0 37 34 42 56 89 51 23 0 19 29 76 50 35 30 41 10 93 54 56 76 5 34 79 57 24 32 56 10 74 80 96 29 70 11 19 3 92 70 89 70 46 15 81 
500
9 68 84 55 27 94 70 78 97 98 54 91 3 85 5 60 36 53 17 69 25 36 17 17 89 76 61 53 75 2 33 6 46 8 53 87 72 84 3 84 44 73 1 98 7 95 23 58 38 24 74 30 4 25 1 31 37 19 66 13 2 84 3 81 76 76 60 92 49 52 6 4 60 53 90 51 9 81 16 80 99 99 0 80 75 68 72 98 22 15 65 25 20 75 84 6 70 69 73 81 33 89 75 73 14 43 4 58 69 24 74 38 74 35 8 27 76 42 94 56 94 20 79 78 48 36 66 40 3 14 48 19 95 85 43 89 87 68 5 43 43 68 54 50 43 36 62 25 37 1 44 92 33 86 14 78 46 49 28 94 92 57 49 72 9 85 41 54 56 83 46 65 57 8 13 30 93 32 98 79 93 69 3 89 4 49 21 68 78 42 58 3 35 21 20 77 50 10 70 67 77 66 61 28 28 99 80 7 5 84 7 67 67 38 95 87 31 84 9 57 91 89 1 73 99 60 36 99 72 49 26 24 65 64 78 37 60 11 8 6 86 38 85 83 59 10 3 97 53 4 45 98 70 79 62 5 52 96 81 90 43 47 56 63 33 89 35 44 68 16 4 28 26 93 2 57 18 25 58 7 58 59 4 62 11 19 91 64 36 80 32 2 55 24 71 57 80 72 73 28 66 96 46 88 30 58 31 12 16 62 16 34 36 86 15 6 57 34 19 71 16 37 97 41 28 35 80 99 62 41 83 46 53 54 65 23 82 19 40 92 27 23 39 23 45 77 84 41 93 87 68 88 96 55 46 22 76 24 52 84 24 0 89 2 47 39 62 73 72 43 66 21 43 11 46 57 95 28 50 71 31 10 8 56 83 40 30 13 37 59 26 42 89 15 2 30 98 56 74 57 46 55 46 36 81 93 13 29 5 22 45 63 75 79 75 67 92 82 57 14 75 14 41 44 64 51 2 74 61 7 17 78 62 47 8 77 68 28 98 64 31 51 46 90 18 12 60 86 17 5 53 33 24 56 37 40 21 75 27 16 77 1 54 37 89 38 80 0 99 30 43 82 72 52 90 64 83 79 19 24 22 59 13 62 15 18 8 83 37 23 70 33 55 37 61 83 72 38 50 48 
500
98 18 38 66 13 39 73 13 42 29 25 57 72 56 60 77 1 66 34 54 15 99 53 15 29 42 72 47 23 96 88 0 71 26 23 22 13 66 9 22 9 60 23 86 33 45 73 21 23 86 68 25 43 19 75 79 89 94 0 53 66 79 16 57 48 53 2 9 46 23 8 70 87 23 39 45 87 30 37 19 45 42 53 63 22 56 44 7 6 21 20 59 21 48 93 62 83 79 99 26 36 55 52 20 7 51 31 87 72 80 20 34 85 27 19 20 29 99 78 95 68 25 55 7 70 83 41 23 70 12 11 18 22 7 39 67 41 27 10 85 74 93 98 95 68 87 19 35 55 53 14 4 87 93 48 44 40 47 53 43 10 96 27 72 80 29 58 16 92 92 72 55 61 47 86 43 64 39 10 58 12 98 77 62 68 67 8 92 37 54 27 55 12 39 42 51 51 59 85 87 5 21 8 13 50 88 36 63 76 17 76 60 27 95 20 8 96 74 71 63 85 84 77 89 58 91 24 27 36 54 59 94 7 93 56 69 13 2 15 59 91 74 70 88 71 96 69 7 87 29 10 21 70 79 8 21 92 83 88 59 90 29 59 31 44 76 71 33 36 80 1 12 42 44 55 9 65 17 49 43 78 0 82 43 60 29 62 7 12 94 8 43 20 7 60 95 4 61 49 61 61 88 43 49 25 96 98 72 0 21 2 65 32 58 2 44 3 7 90 64 42 10 16 69 24 44 86 31 79 26 20 89 37 78 4 13 8 32 21 89 76 86 78 85 45 98 3 18 23 91 92 73 95 51 41 31 40 0 80 46 58 35 10 83 5 77 59 31 65 67 20 1 60 14 53 12 95 54 13 68 92 47 93 22 57 8 0 32 21 11 27 19 59 35 31 84 48 9 65 32 94 30 14 44 68 72 96 39 61 67 90 54 52 4 13 8 71 97 21 14 96 18 60 50 69 56 41 58 49 32 35 83 71 24 66 91 46 3 56 43 85 52 2 99 65 76 10 25 62 95 81 86 14 87 76 69 18 22 53 34 36 45 93 37 5 77 1 60 41 0 10 23 68 14 24 61 46 71 24 23 27 74 35 94 13 17 0 55 35 8 9 94 43 34 63 52 93 28 9 21 
500
96 7 38 54 45 73 34 76 4 86 13 90 16 8 63 57 81 23 33 70 93 59 34 18 7 14 71 58 38 95 92 89 68 12 30 17 64 16 65 85 90 86 9 82 23 41 89 31 86 40 47 55 36 1 32 5 92 24 42 76 97 76 28 69 48 52 91 68 96 82 95 24 81 23 42 57 89 42 85 47 59 30 97 71 75 12 68 7 94 21 43 80 21 29 65 91 6 12 58 14 57 84 94 36 62 39 66 52 18 10 89 77 50 68 30 43 23 60 56 6 82 18 37 64 5 49 28 38 75 61 6 78 72 66 37 82 57 20 2 44 19 2 41 69 53 81 75 61 15 34 81 36 74 8 89 20 30 14 90 36 95 3 27 19 31 50 41 25 61 71 10 59 18 83 52 23 2 80 18 84 72 58 27 59 37 15 55 3 44 44 42 3 59 40 76 8 77 14 74 35 69 27 88 14 36 28 89 85 70 40 35 47 55 22 85 27 15 80 36 43 54 24 24 20 26 93 41 61 46 63 93 30 40 81 24 60 13 18 76 92 90 87 75 18 91 61 41 27 14 89 79 78 94 41 12 28 16 77 82 48 49 21 24 48 25 36 3 45 8 91 22 58 5 76 55 84 18 12 68 97 8 21 27 36 43 34 27 61 30 93 99 18 68 36 12 28 10 48 20 41 47 59 46 10 13 69 21 62 45 39 21 97 51 12 5 26 31 56 54 2 26 69 11 1 71 87 69 11 84 7 72 30 0 5 41 79 95 9 58 37 1 30 55 93 31 65 26 13 10 60 29 31 83 95 70 73 98 98 26 99 87 68 37 61 7 43 33 84 46 61 64 9 0 16 80 48 26 22 27 74 95 42 30 10 19 88 10 20 45 22 45 11 86 12 5 49 20 17 14 15 81 57 5 16 86 85 64 8 84 35 2 9 70 15 71 78 70 49 77 4 69 98 88 17 94 90 65 93 57 28 40 8 90 90 37 7 19 71 55 1 4 86 72 17 1 73 60 34 65 85 5 3 66 76 1 87 46 78 71 4 93 76 79 63 9 52 21 94 33 46 31 75 22 53 88 26 87 63 81 29 85 17 21 4 78 60 85 73 82 16 85 45 81 58 11 43 78 91 95 73 
500
8 3 13 92 83 82 87 5 72 92 97 65 15 57 5 63 33 21 13 16 77 90 13 24 80 33 82 56 76 33 91 7 4 1 84 26 89 24 70 85 51 37 58 42 84 54 55 28 65 86 30 71 43 50 17 77 28 59 84 46 92 27 49 15 70 31 83 73 86 45 45 47 47 9 27 1 92 97 37 44 65 74 6 10 14 40 50 67 96 61 93 58 20 82 4 74 8 10 50 59 39 54 62 72 55 28 37 50 5 45 83 51 75 21 97 61 77 49 24 68 70 38 58 56 65 21 85 29 5 66 31 25 47 91 12 55 3 68 44 35 83 42 63 28 11 42 25 91 64 61 16 71 26 91 10 60 84 51 3 91 83 53 87 91 95 88 31 14 80 22 50 94 83 70 91 82 11 19 71 61 98 34 97 86 90 34 76 20 30 48 52 83 80 18 46 46 3 31 82 72 25 65 3 11 37 96 78 59 74 26 44 99 85 22 4 0 35 89 66 23 53 65 67 41 85 7 45 16 11 83 81 65 38 61 63 26 31 4 75 50 84 56 15 2 39 60 85 39 31 33 81 47 12 70 95 85 52 63 41 41 43 6 85 88 77 14 39 87 5 17 72 82 15 77 16 15 31 3 25 92 40 35 52 1 44 66 64 49 66 44 57 51 85 73 94 96 41 15 19 60 53 1 67 59 1 65 19 23 54 80 8 53 57 21 63 12 24 71 98 0 21 58 19 92 28 87 62 2 55 48 24 36 51 9 11 89 1 49 35 5 36 73 31 19 66 23 44 9 2 4 77 75 25 87 27 52 15 72 44 56 80 74 45 63 72 11 77 75 80 17 37 2 76 73 40 30 55 29 26 62 52 58 77 96 80 53 87 47 62 22 54 78 26 72 75 30 34 31 53 22 7 80 37 88 81 92 95 77 24 70 78 32 50 90 3 73 66 28 96 98 1 13 78 28 79 93 50 47 21 22 56 29 36 25 70 27 68 25 58 71 28 73 76 86 64 74 16 14 16 52 63 27 64 49 37 42 44 87 73 5 22 12 83 71 75 40 78 14 58 95 94 63 5 21 30 92 17 8 68 61 13 95 9 35 10 35 54 47 61 15 90 98 40 75 57 4 76 36 10 97 
500
27 8 76 2 90 21 97 58 61 84 4 49 19 63 96 94 3 55 20 38 0 0 44 78 99 60 88 14 27 45 37 71 91 84 74 48 33 37 29 70 24 50 78 87 79 13 36 47 55 70 66 31 7 33 80 14 83 36 11 16 95 57 82 91 64 30 39 26 33 39 23 39 90 32 21 95 46 37 53 93 55 54 9 57 14 90 79 14 69 99 23 62 29 37 39 48 83 43 51 45 10 97 49 89 88 28 62 91 58 85 13 83 15 51 68 32 75 90 45 35 78 26 56 99 59 67 91 97 25 94 83 83 78 0 25 46 58 4 59 71 46 16 12 84 12 91 56 41 9 77 37 54 65 20 16 40 26 85 18 73 48 63 24 79 66 78 17 83 43 57 22 10 44 47 64 44 19 2 46 36 45 88 91 12 44 76 1 97 96 79 38 74 37 59 40 49 20 41 84 22 78 94 29 7 57 49 26 5 92 73 50 43 84 59 63 99 43 86 83 41 5 36 2 43 9 75 54 11 12 91 77 80 67 90 95 2 54 7 57 37 23 17 59 81 57 2 9 68 59 60 89 85 20 62 52 10 31 7 50 93 80 98 46 89 17 72 25 52 7 46 94 23 82 17 58 30 42 95 7 88 61 38 67 20 64 69 97 29 34 88 59 1 8 45 35 3 45 76 13 10 48 35 92 61 49 77 86 57 82 44 20 74 76 61 66 81 7 93 54 15 44 60 51 81 48 86 17 92 90 9 92 34 20 18 6 69 4 86 83 1 81 49 10 13 84 98 16 19 2 83 93 81 8 85 47 17 20 19 27 71 22 35 20 29 13 17 97 33 39 61 81 65 29 43 42 1 81 38 45 66 4 81 26 68 6 75 80 70 99 31 87 40 14 79 60 69 94 49 68 69 23 31 87 33 35 37 2 25 72 4 71 86 48 78 30 7 73 66 32 92 62 49 92 57 43 61 0 74 60 72 74 20 98 44 48 19 85 6 9 24 85 0 80 30 46 2 77 10 63 55 58 57 81 76 21 81 71 84 95 30 42 90 53 81 5 93 51 87 41 12 17 9 26 61 53 53 11 9 66 60 93 1 7 30 60 54 5 44 81 87 97 83 32 15 63 5 1 33 93 94
