7.3519924357 2.5502510797
5.4183497397 9.3225207926
2.9774485561 7.2962256083
9.9307903885 7.1089919558
6.7017706697 4.6036924031
8.7689928338 6.5774466737
7.3713501153 1.2127611280
5.5796170191 9.8856268287
2.3636595632 5.8023703256
6.4684808338 4.6519948741
2.7106228199 3.5314270524
8.0412179501 3.7566367027
8.9901803803 2.4209596292
7.9309999878 3.1811893494
6.1924631838 7.9140351155
8.0157856725 5.0359467359
8.5479623031 5.2189252778
9.5312082197 6.6857487008
6.5360426001 9.7575153052
6.3379941813 3.4059531468
1.8990809277 3.2458386232
5.4164472309 5.6248207448
5.9945756807 1.3654125283
9.6747606342 1.8876463704
4.7886913311 3.7058704755
3.8351510498 6.4563863379
1.0805342010 3.4356859488
3.9756978193 8.4360390751
5.7745366739 2.5326489072
1.2868715602 1.2463465452
2.3883574099 9.9240247944
5.3719235677 5.5845920124
9.6506643560 6.8628759418
1.6337237869 3.1835254246
4.9371199494 6.1637757018
3.4527938938 6.2504675567
5.8264358370 1.0990134597
6.3591633450 6.2438127545
4.4418808334 5.9902713782
9.1586215856 6.6708080839
2.9410590039 7.9569648676
1.4021408381 5.4147847492
1.1068438910 3.6364017838
1.4305988380 4.1928138003
7.9454925889 5.9304596182
2.7132113467 2.2996194257
5.8984246136 4.2237404647
2.9290414510 4.9050254564
2.0942651549 2.8626472014
7.2017019394 5.4083763270
8.7905346144 9.5255686938
9.6227875087 7.6955182647
1.4040691001 9.2580022451
2.9274584077 2.0060532096
3.9065881358 4.0953523597
8.4485219635 2.2729190955
1.6739170481 3.4326444359
4.4207210645 3.6640834354
4.2515410432 7.8232180596
9.3333017700 7.7535070340
