2.5502510797 1.0000000000
9.2361676997 0.9440857328
6.8034670659 0.8473842567
7.1089919558 1.0000000000
4.6036924031 1.0000000000
6.5774466737 1.0000000000
1.2127611280 1.0000000000
9.7632751327 0.9353035217
5.4083033441 0.8469496284
4.6519948741 1.0000000000
3.5314270524 1.0000000000
3.7566367027 1.0000000000
2.4209596292 1.0000000000
3.1811893494 1.0000000000
7.9140351155 1.0000000000
5.0359467359 1.0000000000
5.2189252778 1.0000000000
6.6857487008 1.0000000000
9.7537934790 0.9887100034
3.4059531468 1.0000000000
3.2178816176 0.9460943096
5.6248207448 1.0000000000
1.3654125283 1.0000000000
1.8876463704 1.0000000000
3.7058704755 1.0000000000
6.4098335213 0.9507045174
2.9933216832 0.7879276074
8.1064214041 0.8843921001
2.5326489072 1.0000000000
1.2463465452 1.0000000000
7.9627325522 0.7359038066
5.5845920124 1.0000000000
6.8628759418 1.0000000000
3.1039691155 0.9077853824
6.1637757018 1.0000000000
6.1573060807 0.9289524758
1.0990134597 1.0000000000
6.2438127545 1.0000000000
5.9902713782 1.0000000000
6.6708080839 1.0000000000
7.2434951961 0.8236941492
4.4479463437 0.7492900864
3.1382466260 0.7810959788
3.7372307006 0.8055408449
5.9304596182 1.0000000000
2.2996194257 1.0000000000
4.2237404647 1.0000000000
4.8719266546 0.9523200690
2.8626472014 1.0000000000
5.4083763270 1.0000000000
9.5255686938 1.0000000000
7.6955182647 1.0000000000
6.3398681469 0.6646077657
2.0060532096 1.0000000000
4.0953523597 1.0000000000
2.2729190955 1.0000000000
3.3188711252 0.8936323638
3.6640834354 1.0000000000
7.6905628601 0.9241791333
7.7535070340 1.0000000000
